Epoch	AverageEpRet	StdEpRet	MaxEpRet	MinEpRet	EpLen	AverageVVals	StdVVals	MaxVVals	MinVVals	TotalEnvInteracts	LossPi	LossV	DeltaLossPi	DeltaLossV	Entropy	KL	ClipFrac	StopIter	Time
0	0.062937066	0.19163902	1.0	0.0	18.884615	0.07900804	0.00036125234	0.079619065	0.07745548	500	-0.32164857	0.0046435846	-0.009909958	-0.00019824691	1.6082428	0.0156761	0.818	6.0	1.2440216541290283
1	0.08080808	0.22654203	1.0	0.0	26.0	0.06929627	0.0005209487	0.07073861	0.06858666	1000	-0.31974813	0.004466721	-0.003523618	-3.7317164e-05	1.5987407	0.003213114	0.0	15.0	2.171691656112671
2	0.06439394	0.19896281	1.0	0.0	20.375	0.06135117	0.0007853402	0.062965006	0.05979251	1500	-0.3177739	0.004387171	-0.0042480826	-0.000106981024	1.5888695	0.00038018584	0.002	15.0	3.267550230026245
3	0.10227273	0.23591521	1.0	0.0	29.0	0.047084495	0.00076486735	0.048908975	0.045972243	2000	-0.31419075	0.0041897967	-0.0014255941	-1.4233403e-05	1.5709537	0.0024106738	0.278	15.0	4.1514527797698975
4	0.10822511	0.29104304	1.0	0.0	22.714285	0.04065563	0.0014781653	0.043067776	0.038039528	2500	-0.30865368	0.0079720095	-0.0014930665	-6.0704537e-05	1.5432683	0.003057464	0.004	15.0	5.172541379928589
5	0.04848485	0.045353424	0.09090909	0.0	30.8	0.045187563	0.0025103306	0.049084935	0.039560527	3000	-0.30305788	0.00031905534	-0.0035948753	-4.9123162e-05	1.5152894	0.009170691	0.58	15.0	6.043182611465454
6	0.051948052	0.044988334	0.09090909	0.0	32.857143	0.038439102	0.006648561	0.04434417	0.017826766	3500	-0.29921708	0.004002752	-0.0027721524	-1.0880642e-05	1.4960854	0.010207788	0.474	15.0	6.8836681842803955
7	0.32467532	0.43014273	1.0	0.0	33.92857	0.027352562	0.010384419	0.042627253	0.0119323805	4000	-0.3070467	0.025529793	-0.0030248463	-0.0017875191	1.5352335	-0.004106858	0.004	15.0	7.639005899429321
8	0.080213904	0.2330962	1.0	0.0	27.470589	0.08495883	0.046506945	0.124648616	-0.0334291	4500	-0.30529577	0.0037815538	-0.0017218888	-0.0001739068	1.5264788	0.011219813	0.212	15.0	8.512487411499023
9	0.16233766	0.34391072	1.0	0.0	33.0	0.053795006	0.033201158	0.09529614	-0.01467371	5000	-0.3088021	0.0069740806	-0.002572924	-4.5908615e-05	1.5440105	-0.0013121018	0.16	15.0	9.282990455627441
10	0.11363637	0.27177864	1.0	0.0	20.25	0.055460133	0.0324022	0.091877356	-0.0126177445	5500	-0.30810073	0.0073033697	-0.0032458901	-0.00012429943	1.5405036	0.00075290084	0.002	15.0	10.343616008758545
11	0.13181818	0.29384175	1.0	0.0	23.9	0.06112523	0.03278788	0.092035696	-0.008576527	6000	-0.30295953	0.0073093236	-0.0016836226	-0.00011194777	1.5147976	0.0032132976	0.0	15.0	11.347851037979126
12	0.043062203	0.04539155	0.09090909	0.0	25.842106	0.0593831	0.01311804	0.08319843	0.032834932	6500	-0.2996004	0.0007214294	-0.004933983	-0.00022158946	1.4980019	-0.000907125	0.142	15.0	12.23232913017273
13	0.22966506	0.3993998	1.0	0.0	24.736841	0.024399782	0.01773807	0.0620147	0.0034817606	7000	-0.3085629	0.014408415	-0.0062535703	-0.00073168613	1.5428145	0.0015122333	0.072	15.0	13.10174822807312
14	0.09090909	0.23124865	1.0	0.0	27.411764	0.07057216	0.025337683	0.114258625	0.0026793405	7500	-0.293787	0.003814159	-0.0044504106	-0.00013109879	1.468935	0.0055414424	0.302	15.0	14.019458293914795
15	0.15151517	0.32319286	1.0	0.0	20.291666	0.05682327	0.037981685	0.13486758	-0.007532321	8000	-0.30175167	0.010376661	-0.0046426654	-0.00027588848	1.5087583	0.005553503	0.01	15.0	15.161194324493408
16	0.27272728	0.41460925	1.0	0.0	30.8	0.061240852	0.041429076	0.15781789	-0.004839435	8500	-0.3001823	0.022214519	-0.004870951	-0.0014244262	1.5009117	0.003572969	0.156	15.0	16.009615182876587
17	0.18181817	0.33841076	1.0	0.0	32.857143	0.098240785	0.045643814	0.19630459	0.0042941347	9000	-0.29903883	0.0074907416	-0.0050046444	-0.0003867508	1.4951941	0.0011909795	0.112	15.0	16.804826974868774
18	0.11363637	0.23509274	1.0	0.0	29.0	0.11004102	0.04715279	0.19145977	0.013857722	9500	-0.29612526	0.0043086237	-0.0074118376	-0.00039758766	1.4806263	0.009058467	0.17	15.0	17.672187566757202
19	0.1590909	0.32060766	1.0	0.0	29.1875	0.10448093	0.05002973	0.17345732	0.018579997	10000	-0.30461636	0.0070403796	-0.005017966	-0.00019033952	1.5230818	0.00047057663	0.14	15.0	18.534005880355835
20	0.020661158	0.038097292	0.09090909	0.0	21.681818	0.099546365	0.034329813	0.15259147	0.036042314	10500	-0.30135226	0.004639692	-0.007915914	-0.0004759594	1.5067613	0.0020882827	0.018	15.0	19.54041862487793
21	0.16969697	0.32839316	1.0	0.0	30.8	0.07358563	0.032059968	0.11601342	0.017905064	11000	-0.30449203	0.007090457	-0.008527964	-3.5559293e-05	1.5224601	0.00457128	0.074	15.0	20.365493774414062
22	0.12121213	0.26848552	1.0	0.0	38.0	0.06190336	0.030586787	0.11402732	0.014420189	11500	-0.30598134	0.006820146	-0.0048083067	-6.641215e-05	1.5299066	0.01657839	0.436	12.0	21.02335286140442
23	0.15454546	0.28473565	1.0	0.0	50.0	0.05872323	0.023089236	0.11646194	0.0021510422	12000	-0.3104835	0.003560076	-0.0032629669	-9.981566e-05	1.5524174	0.0041744756	0.114	15.0	21.64647650718689
24	0.22077921	0.34482905	1.0	0.0	33.5	0.0577479	0.035900354	0.12581395	0.0023274273	12500	-0.30326647	0.020671895	-0.00894478	-0.00094637834	1.5163323	0.006918026	0.152	15.0	22.47313141822815
25	0.17482519	0.35382125	1.0	0.0	35.46154	0.07280655	0.045456838	0.15493663	-0.010312989	13000	-0.3100483	0.0065098354	-0.0049184263	-0.0002103867	1.5502416	0.0033881024	0.242	15.0	23.164966106414795
26	0.19480518	0.33110517	1.0	0.0	32.857143	0.081422955	0.068009764	0.1825147	-0.0015875623	13500	-0.30381307	0.0065248455	0.0018708706	-0.00014328165	1.5190653	0.020394696	0.662	2.0	23.923774242401123
27	0.6272727	0.4571742	1.0	0.0	45.2	0.02987804	0.039904278	0.15055618	-0.005689524	14000	-0.31063074	0.018016782	0.0004912913	-0.0029207738	1.5531536	0.01609657	0.536	4.0	24.536153078079224
28	0.28787878	0.4130004	1.0	0.0	38.0	0.124525145	0.064075336	0.28395772	0.018456712	14500	-0.30123848	0.009391905	-0.009528339	0.00014376175	1.5061923	0.00021885586	0.104	15.0	25.287614583969116
29	0.35664335	0.43005574	1.0	0.0	35.23077	0.12166081	0.08641124	0.28663608	0.014525451	15000	-0.30340236	0.011068888	-0.008256495	-0.0005411869	1.5170118	-0.0006671722	0.2	15.0	26.010054111480713
30	0.34965032	0.43503025	1.0	0.0	35.692307	0.08539897	0.07853833	0.26671422	0.018148422	15500	-0.2947691	0.01280485	-0.00707981	-0.0012631016	1.4738455	0.00761231	0.632	15.0	26.752536296844482
31	0.52727276	0.47377503	1.0	0.0	45.2	0.08056263	0.084380224	0.30884182	-0.012465425	16000	-0.30550495	0.011214015	-0.001781702	-0.00074269436	1.5275248	0.012111677	0.364	15.0	27.371301889419556
32	0.5702479	0.4717264	1.0	0.0	41.272728	0.114510745	0.071689315	0.39418864	0.057513643	16500	-0.30123687	0.014330999	-0.01054877	-0.0014268011	1.5061843	0.0019935109	0.058	15.0	28.05715274810791
33	0.44545454	0.45354435	1.0	0.0	50.0	0.24369814	0.15987566	0.5004191	0.025967874	17000	-0.27400532	0.010535272	-0.0041289628	-0.002436787	1.3700266	0.0028626076	0.418	15.0	28.615760803222656
34	0.6272727	0.4571742	1.0	0.0	50.0	0.137373	0.13753377	0.43289462	-0.011876084	17500	-0.2952273	0.01176441	-0.0043750107	-0.000285523	1.4761362	0.004060483	0.186	15.0	29.158867120742798
35	0.6363636	0.46079618	1.0	0.0	35.23077	0.07332343	0.11348214	0.411193	-0.02119799	18000	-0.29563463	0.015556136	-0.004035771	-0.0019676453	1.4781729	0.015314233	0.138	1.0	29.778836250305176
36	0.4965035	0.4684793	1.0	0.0	35.384617	0.12227737	0.13796927	0.54509914	0.0034066513	18500	-0.29195207	0.011730396	-0.0098745525	-0.00087900367	1.4597602	0.0063565006	0.4	15.0	30.519234657287598
37	0.6181818	0.46851265	1.0	0.0	45.2	0.06596705	0.14812398	0.62711567	-0.036488675	19000	-0.3023529	0.009710858	-0.006046355	0.0017676335	1.5117645	0.006797167	0.208	15.0	31.09333300590515
38	0.7181818	0.43112385	1.0	0.0	50.0	0.087574236	0.10409257	0.57665724	0.0016492084	19500	-0.30174518	0.010311117	-0.006698221	-0.002223841	1.5087256	0.015003318	0.474	15.0	31.653472661972046
39	0.8181818	0.36363634	1.0	0.09090909	50.0	0.0810671	0.19806771	0.7176059	-0.067443274	20000	-0.2985472	0.008701061	-0.0040583313	-0.00054394733	1.492736	0.00429882	0.066	15.0	32.212132692337036
40	0.9090909	0.27272728	1.0	0.09090909	50.0	0.073565476	0.13089183	0.7553997	-0.03047438	20500	-0.30218294	0.007125544	-0.0024401248	-0.0016777385	1.5109147	0.019300649	0.532	1.0	32.89568734169006
41	1.0	0.0	1.0	1.0	50.0	-0.08111952	0.14358881	0.7295004	-0.18833122	21000	-0.30929294	0.005954339	0.00366354	-0.0038105466	1.5464648	0.057097223	0.786	3.0	33.42010998725891
42	0.6363636	0.46079618	1.0	0.0	35.923077	0.121633336	0.3529044	1.0563346	-0.09713521	21500	-0.2764037	0.022254843	0.010169029	-0.008112039	1.3820184	0.020476213	0.69	2.0	34.081218957901
43	0.58441556	0.48069495	1.0	0.0	34.92857	0.047998045	0.19863467	0.76363987	-0.050412975	22000	-0.29991347	0.018346	0.012858719	-0.0035033925	1.499567	0.03673698	0.378	1.0	34.7653124332428
44	0.6293706	0.4696261	1.0	0.0	35.23077	0.012989013	0.14094219	0.50613475	-0.08249721	22500	-0.28404418	0.012391787	-0.0069750547	-0.0013306485	1.420221	0.037691414	0.268	2.0	35.47096395492554
45	0.6433566	0.45168543	1.0	0.0	35.23077	0.01396778	0.13705148	0.62350553	-0.09047159	23000	-0.29997388	0.01006383	0.00422886	-0.00089444965	1.4998695	0.01847664	0.456	1.0	36.06931781768799
46	1.0	0.0	1.0	1.0	50.0	-0.0077165347	0.13564903	0.73304194	-0.122068346	23500	-0.3061888	0.007362306	0.006828755	-0.005552319	1.5309441	0.066596076	0.652	2.0	36.63166785240173
47	0.7272727	0.4165978	1.0	0.09090909	45.2	0.09106155	0.2672827	1.186774	-0.10189718	24000	-0.2888824	0.008199559	0.015263081	-0.0026345896	1.444412	0.040310718	0.672	2.0	37.12010097503662
48	0.8347107	0.35063145	1.0	0.09090909	41.272728	0.021053405	0.18641588	0.97691673	-0.058783665	24500	-0.30697894	0.0034734667	0.0055074394	-2.4264213e-05	1.5348947	0.02826014	0.596	1.0	37.69100832939148
49	1.0	0.0	1.0	1.0	50.0	0.03703637	0.17369743	0.9949825	-0.021909669	25000	-0.30371583	0.0010939284	-0.0067278743	-0.00054243504	1.5185791	0.038032856	0.544	4.0	38.21500325202942
50	0.7355372	0.43244547	1.0	0.0	41.272728	0.10764523	0.2252629	1.1310737	-0.02165535	25500	-0.2911423	0.007052727	0.013559014	-0.0011185776	1.4557117	0.05435363	0.798	3.0	38.82126212120056
51	0.9	0.29999998	1.0	0.0	50.0	0.0722534	0.21248013	0.974817	-0.052376807	26000	-0.30051383	0.0034057961	0.0013890564	-0.00067557883	1.5025691	0.017396543	0.442	2.0	39.341219425201416
52	0.8347107	0.35063145	1.0	0.09090909	41.272728	0.03743403	0.16865733	0.9282545	-0.017985493	26500	-0.3055815	0.004609594	0.0038063526	-0.00038826326	1.5279075	0.019786177	0.692	2.0	39.85792660713196
53	0.9090909	0.27272725	1.0	0.09090909	50.0	0.042023405	0.1726931	1.0210346	-0.017789043	27000	-0.30345854	0.0023606557	0.003745228	-0.00032991264	1.5172925	0.022205302	0.464	1.0	40.40783452987671
54	0.8181818	0.38569462	1.0	0.0	41.272728	0.04412895	0.20583913	1.088874	-0.019513763	27500	-0.29357168	0.0084680095	-0.005291015	-0.0010167719	1.4678583	0.02303658	0.458	1.0	41.00861144065857
55	1.0	0.0	1.0	1.0	50.0	0.018110782	0.15495558	0.90128374	-0.03409729	28000	-0.3048383	0.0022868186	0.013987243	-0.0017499172	1.5241913	0.026240863	0.43	4.0	41.51265215873718
56	1.0	0.0	1.0	1.0	50.0	0.04817908	0.2062006	1.1755687	-0.006195627	28500	-0.29486904	0.0012375431	0.001378715	-0.00028552994	1.474345	0.020928051	0.938	2.0	42.049485206604004
57	0.55944055	0.4768595	1.0	0.0	35.23077	0.1462146	0.22342385	1.0898601	-0.012563743	29000	-0.28276062	0.015185085	-0.004474342	-0.003612062	1.4138029	0.01710205	0.526	10.0	42.74971961975098
58	0.75757575	0.42043746	1.0	0.0	38.0	0.08553434	0.17504317	0.83949876	0.013470821	29500	-0.28248543	0.006433955	-0.0063785017	-0.00038840622	1.412427	0.023254704	0.746	4.0	43.31529450416565
59	0.9090909	0.27272728	1.0	0.09090909	45.2	0.04615068	0.1476244	0.8486265	-0.022754021	30000	-0.3037593	0.0044837836	0.00042688847	-0.0016353792	1.5187967	0.024615208	0.366	3.0	43.86790156364441
60	0.9090909	0.27272725	1.0	0.09090909	50.0	0.1076949	0.22560333	1.1051955	-0.0006625131	30500	-0.2999991	0.0035107993	0.011187434	-0.0009428526	1.4999954	0.016866166	0.452	3.0	44.45193791389465
61	0.58677685	0.45266327	1.0	0.09090909	41.272728	0.18715753	0.28007653	0.9938575	0.005350806	31000	-0.24805777	0.009704319	0.0006840527	-0.0034762565	1.2402889	0.018162515	0.198	7.0	45.01347470283508
62	0.8181818	0.36363634	1.0	0.09090909	45.2	0.096551955	0.2009993	0.8110558	0.0079043135	31500	-0.29663703	0.0051687737	0.01792702	-0.0012753985	1.4831852	0.059880465	0.616	3.0	45.5601806640625
63	0.9	0.29999998	1.0	0.0	45.2	0.06268336	0.15727659	0.87351555	0.00764402	32000	-0.30071902	0.005030289	-0.0043469667	-0.0006252914	1.5035951	0.031400967	0.958	3.0	46.144046783447266
64	1.0	0.0	1.0	1.0	50.0	0.05300406	0.1841568	1.040695	0.011067882	32500	-0.3092972	0.0005741672	0.009973347	-0.00010045507	1.546486	0.037032306	0.552	1.0	46.66384148597717
65	0.9090909	0.27272725	1.0	0.09090909	45.2	0.05350788	0.20068744	1.112031	0.0038140565	33000	-0.3035985	0.0014237275	0.0019317865	-0.00014834036	1.5179925	0.025149785	0.956	3.0	47.25300860404968
66	0.8090909	0.38235894	1.0	0.0	45.2	0.13023351	0.29085657	1.0372936	-0.00081109256	33500	-0.27702412	0.006843576	0.0034529865	-0.0020300807	1.3851206	0.019217735	0.32	2.0	47.82405400276184
67	0.6503496	0.4422766	1.0	0.09090909	35.23077	0.079076886	0.16642477	0.86445475	-0.04785838	34000	-0.29641482	0.007855079	-0.005479574	-0.0006547808	1.482074	0.009781563	0.638	15.0	48.65142107009888
68	0.9	0.29999998	1.0	0.0	45.2	0.06057828	0.15169972	0.8669685	-0.014184952	34500	-0.3078695	0.0061691497	-0.0031325817	-0.0010777581	1.5393474	0.015433948	0.146	1.0	49.29186677932739
69	0.9090909	0.27272728	1.0	0.09090909	45.2	0.05889714	0.1954621	1.067303	0.00743936	35000	-0.30744606	0.0022963518	0.00033566356	-8.108746e-05	1.5372303	0.016261263	0.38	3.0	49.86885666847229
70	0.9090909	0.27272728	1.0	0.09090909	45.2	0.054823905	0.17241643	1.0199292	-0.012519404	35500	-0.3060648	0.0033556682	-0.0013485849	-0.00039168657	1.530324	0.0028602688	0.192	15.0	50.44217395782471
71	0.8454546	0.32537326	1.0	0.0	50.0	0.17099187	0.30177817	1.1019399	-0.028238207	36000	-0.27560925	0.0047458163	0.022118747	-0.0018038487	1.3780463	0.042964466	0.482	1.0	50.976195096969604
72	0.77272725	0.3936479	1.0	0.09090909	38.0	0.056675516	0.18394297	0.9887456	-0.015564024	36500	-0.29901436	0.0056819357	-0.0019789636	7.236283e-05	1.4950718	0.0194625	0.948	2.0	51.477694034576416
73	0.9090909	0.27272725	1.0	0.09090909	45.2	0.04286033	0.17093368	0.95159286	-0.023897953	37000	-0.29878482	0.0028291713	-0.0010652542	-0.0003275834	1.493924	0.035658795	0.76	1.0	52.02367663383484
74	0.6969697	0.4285496	1.0	0.09090909	38.0	0.062756	0.20823364	1.0475333	-0.012572221	37500	-0.2995306	0.006895398	0.008584946	-0.0009163986	1.4976529	0.026718706	0.486	1.0	52.594754219055176
75	0.6818182	0.45074165	1.0	0.0	39.166668	0.1087208	0.23499613	0.87869644	-0.027345382	38000	-0.28283554	0.013568142	0.00997147	-0.0030766232	1.4141778	0.030822692	0.398	2.0	53.27617001533508
76	0.9	0.29999998	1.0	0.0	45.8	0.020707356	0.126584	0.6828808	-0.05097775	38500	-0.29290974	0.010646639	0.00967136	-0.0015552295	1.4645486	0.035209212	0.62	1.0	53.86250567436218
77	0.9090909	0.27272728	1.0	0.09090909	50.0	0.026153015	0.14674243	0.85213125	-0.028014868	39000	-0.29791138	0.0035480033	-0.008251697	-0.0011096045	1.4895568	0.047498133	0.502	2.0	54.466243505477905
78	0.9090909	0.27272725	1.0	0.09090909	45.2	0.0151353795	0.19201733	1.0556393	-0.035024278	39500	-0.30903184	0.0019667232	0.011261165	2.2626482e-06	1.5451592	0.022511134	0.46	1.0	55.01798415184021
79	0.9090909	0.27272725	1.0	0.09090909	45.2	0.016061157	0.1974005	1.055367	-0.05672819	40000	-0.30220994	0.0017126632	-0.00356853	-0.00014514569	1.5110496	0.022859143	0.746	3.0	55.548288106918335
80	0.7651515	0.4073335	1.0	0.0	40.583332	0.087769106	0.24043362	1.0334948	-0.040318646	40500	-0.2914993	0.029214775	0.018107623	-0.012571776	1.4574964	0.03492701	0.412	1.0	56.1738395690918
81	0.6136363	0.45775387	1.0	0.0	38.0	0.12327985	0.16145062	0.5207345	-0.12003192	41000	-0.26238286	0.01565714	0.00435853	-0.0011037802	1.3119143	0.01608046	0.41	4.0	56.803043603897095
82	0.9090909	0.27272728	1.0	0.09090909	45.2	0.05529033	0.082646005	0.535902	-0.10157355	41500	-0.30569798	0.014306907	-0.0030234158	-0.011962169	1.5284898	0.016424023	0.212	4.0	57.3556547164917
83	0.8090909	0.38235894	1.0	0.0	50.0	0.18197621	0.2575104	1.1075457	-0.007228516	42000	-0.29736125	0.007055663	0.0072535574	-0.002309415	1.4868063	0.018274955	0.536	1.0	57.885817527770996
84	0.8264463	0.36867285	1.0	0.0	45.454544	0.14403667	0.16898859	0.9427556	0.061236806	42500	-0.28374535	0.021362947	-0.0070468783	-0.01028288	1.4187267	0.0065329466	0.33	15.0	58.452152729034424
85	0.8181818	0.36363634	1.0	0.09090909	50.0	0.04942802	0.11727964	0.64995354	-0.04700266	43000	-0.2938462	0.009108717	0.0030458272	-0.0021100063	1.4692309	0.015726464	0.424	1.0	58.99833130836487
86	0.7520661	0.41040358	1.0	0.0	41.272728	0.055090904	0.16299795	0.8075885	-0.08935391	43500	-0.28015628	0.008092027	-0.0018458068	0.0036184797	1.4007814	0.022248188	0.398	2.0	59.609426498413086
87	0.7520661	0.40487435	1.0	0.09090909	41.272728	0.18660173	0.28042358	1.0264304	0.04200806	44000	-0.2772513	0.008370864	-0.0015432537	-0.0021157344	1.3862565	0.008809754	0.228	15.0	60.231873989105225
88	0.8181818	0.36363637	1.0	0.09090909	45.2	0.1355264	0.14093643	0.9077592	0.052464418	44500	-0.29667997	0.00632055	-0.0033500493	-0.00067890156	1.4833999	0.002024803	0.226	15.0	60.83849024772644
89	0.9	0.29999998	1.0	0.0	45.2	0.13105972	0.155277	0.9921798	0.0129929185	45000	-0.30671108	0.00582155	-0.0012420714	-0.0013680076	1.5335554	0.018361669	0.206	2.0	61.416245460510254
90	0.6753246	0.43559766	1.0	0.09090909	32.857143	0.13993518	0.19653171	1.15028	0.022770628	45500	-0.30096152	0.008213034	-0.0017396808	-0.0008840142	1.5048076	0.01705373	0.666	4.0	62.01815176010132
91	0.9	0.29999998	1.0	0.0	50.0	0.11145404	0.16641068	0.9812403	0.044771172	46000	-0.30778718	0.0037465289	-0.00010973215	0.00022826367	1.5389359	0.026367914	0.962	2.0	62.53579258918762
92	0.8264463	0.36867285	1.0	0.0	41.272728	0.09884353	0.16980006	0.99664456	0.04686679	46500	-0.30427414	0.003585431	-0.0010767579	-0.00020046462	1.5213706	0.0026395754	0.196	15.0	63.15261626243591
93	0.9090909	0.27272728	1.0	0.09090909	50.0	0.108893864	0.18764433	1.1022499	0.02860709	47000	-0.2980177	0.0033984294	0.008388132	-0.000358704	1.4900886	0.033868194	0.482	1.0	63.712735414505005
94	0.6433566	0.4516855	1.0	0.0	35.23077	0.16617163	0.2911635	1.0335134	0.016565464	47500	-0.26429996	0.012476882	-0.00529477	-0.0029262435	1.3214997	0.03829533	0.764	2.0	64.30586504936218
95	0.7181818	0.43112385	1.0	0.0	45.2	0.04491648	0.16918054	0.8312626	-0.18308857	48000	-0.30294463	0.0064416258	0.0011903942	-0.00068847183	1.5147232	0.015109681	0.396	5.0	64.95209550857544
96	0.9090909	0.27272728	1.0	0.09090909	45.2	0.05728807	0.14647539	0.8535861	0.007669255	48500	-0.3080245	0.0038742872	0.0051689446	-0.0017010986	1.5401225	0.018695498	0.404	11.0	65.5260956287384
97	0.9	0.29999998	1.0	0.0	48.3	0.08781788	0.19683734	1.1221473	0.01785905	49000	-0.2893171	0.007482897	-0.0043182373	-0.0038641512	1.4465853	0.015335869	0.864	7.0	66.17180562019348
98	1.0	0.0	1.0	1.0	50.0	0.09093263	0.16264121	1.0202112	0.021417089	49500	-0.30831528	0.0016859219	-0.0015113354	0.00074915437	1.5415764	0.021646053	0.428	3.0	66.70180344581604
99	0.68939394	0.43985087	1.0	0.0	38.0	0.13281104	0.20903325	1.2141682	0.04916487	50000	-0.3025934	0.008379866	0.0035652816	-0.0019196556	1.512967	0.017011102	0.56	11.0	67.28850197792053
100	1.0	0.0	1.0	1.0	50.0	0.105040036	0.16496672	1.0526562	0.06523142	50500	-0.3064848	0.0014242826	-0.0027626753	-0.00077439664	1.532424	0.01996641	0.596	4.0	67.86222839355469
101	0.8264463	0.36867285	1.0	0.0	41.272728	0.11084565	0.20218553	1.1784636	0.039823778	51000	-0.3021482	0.00519304	-0.0016980767	-0.0007663653	1.5107409	0.017432114	0.564	13.0	68.50091433525085
102	0.8181818	0.36363634	1.0	0.09090909	45.2	0.07550259	0.17872657	1.0198361	0.019466996	51500	-0.30432615	0.0030725133	-0.001729697	3.798632e-06	1.5216305	0.00090097287	0.242	15.0	69.14249801635742
103	0.77272725	0.3936479	1.0	0.09090909	38.0	0.0633655	0.16943617	0.98530024	-0.068665124	52000	-0.30286846	0.004550529	-0.0015205741	-0.0003553182	1.5143423	0.028218864	0.438	3.0	69.70147037506104
104	0.9090909	0.27272728	1.0	0.09090909	45.2	0.04717926	0.18560086	1.0760262	-0.0025679544	52500	-0.30747718	0.0014598779	-0.0003992319	-7.258984e-05	1.5373857	0.0004873345	0.0	15.0	70.28753447532654
105	0.9090909	0.27272728	1.0	0.09090909	45.2	0.044195924	0.20301436	1.1125286	-0.007929467	53000	-0.30796352	0.0020727438	-0.0021919906	-0.00018325623	1.5398176	0.001690584	0.26	15.0	70.88230776786804
106	0.9090909	0.27272728	1.0	0.09090909	50.0	0.053536322	0.19334152	1.0172911	-0.05893787	53500	-0.30827433	0.0018830732	0.011345208	-0.00026253017	1.5413717	0.034469556	0.55	1.0	71.39195513725281
107	0.9090909	0.27272728	1.0	0.09090909	50.0	0.101285376	0.26988584	0.9779699	-0.016316704	54000	-0.27916363	0.0040839375	0.0023453534	-0.0011697672	1.3958181	0.02275431	0.606	4.0	71.93648314476013
108	0.9090909	0.27272728	1.0	0.09090909	50.0	0.10635907	0.2634125	0.89719117	-0.005010955	54500	-0.27973375	0.0056924755	-0.00062549114	-0.0005153548	1.3986686	0.0008297079	0.23	15.0	72.46905565261841
109	0.8347107	0.35063145	1.0	0.09090909	41.272728	0.042448923	0.14320147	0.7977474	-0.06993151	55000	-0.30734652	0.004977265	-0.0013157725	-0.0021067837	1.5367326	0.015347114	0.594	2.0	73.02132678031921
110	0.9	0.29999998	1.0	0.0	45.2	0.05703018	0.19553474	1.1164134	0.0035164207	55500	-0.3088595	0.004172288	0.006180346	-0.00022569625	1.5442976	0.028138023	0.792	1.0	73.64187169075012
111	1.0	0.0	1.0	1.0	50.0	0.053341765	0.17429467	1.0367311	-0.04497423	56000	-0.30063578	0.0010320625	0.016900986	-0.00054227735	1.503179	0.027085843	0.48	5.0	74.1675877571106
112	0.9090909	0.27272725	1.0	0.09090909	50.0	0.06254428	0.20961173	1.1549569	-0.039659843	56500	-0.29482123	0.0035404842	-0.004671842	-0.000789569	1.4741061	0.01775291	0.496	1.0	74.68509984016418
113	0.8727272	0.2822577	1.0	0.09090909	45.2	0.09248978	0.1902923	1.0233928	0.019942455	57000	-0.2914118	0.0054150806	0.002164036	-0.0020047147	1.4570589	0.020266192	0.436	5.0	75.25983095169067
114	0.9090909	0.27272728	1.0	0.09090909	45.2	0.06667301	0.21016806	1.1694742	0.007349111	57500	-0.30813286	0.0015729906	0.011459857	-0.00033791433	1.5406643	0.023008814	0.538	1.0	75.79287433624268
115	0.77272725	0.3936479	1.0	0.09090909	38.0	0.056330454	0.19589342	1.0341268	-0.009572953	58000	-0.3038728	0.0049776975	-0.0015698373	-0.0002722852	1.5193639	0.019840078	0.552	3.0	76.48514676094055
116	0.9090909	0.27272728	1.0	0.09090909	45.2	0.05189319	0.16469148	0.924514	0.010569274	58500	-0.30782998	0.0027237316	0.0075226724	-0.00059369113	1.5391499	0.03943824	0.8	5.0	77.0280499458313
117	0.9090909	0.27272728	1.0	0.09090909	45.2	0.14118293	0.32703474	1.0690228	-0.021626502	59000	-0.2723388	0.00701641	-0.0010594428	-0.0024817507	1.3616942	0.021631418	0.544	8.0	77.6271448135376
118	0.9	0.29999998	1.0	0.0	50.0	0.07683432	0.17428112	0.86669683	-0.014263436	59500	-0.30067182	0.0034711875	-0.007059902	-0.0009318739	1.5033588	0.0021062575	0.35	15.0	78.11898493766785
119	0.9090909	0.27272728	1.0	0.09090909	45.2	0.0436532	0.16588724	0.91976625	-0.025622927	60000	-0.30821246	0.0023394737	0.0029772222	-0.00070238183	1.5410622	0.01895053	0.406	8.0	78.67589545249939
120	0.8090909	0.38235894	1.0	0.0	45.2	0.06630368	0.19297628	1.1053311	-0.017549045	60500	-0.2806193	0.0064639514	-0.0043377876	-0.00097609963	1.4030964	0.021213474	0.548	8.0	79.27720355987549
121	1.0	0.0	1.0	1.0	50.0	0.053537164	0.1658312	0.959145	0.011997931	61000	-0.30820248	0.0011771402	0.007736057	-0.0007391521	1.5410125	0.016315158	0.404	1.0	79.8652822971344
122	0.8181818	0.36363637	1.0	0.09090909	45.2	0.15271509	0.35767856	1.1454545	-0.005622104	61500	-0.27528685	0.008748296	0.00032907724	-0.004501356	1.3764343	0.0052357004	0.148	15.0	80.51171112060547
123	0.9090909	0.27272728	1.0	0.09090909	45.2	0.06705114	0.15994532	0.9034348	0.014384799	62000	-0.30181012	0.003241247	-0.0038510263	-0.00080756424	1.5090505	0.0036615056	0.342	15.0	81.10010099411011
124	0.6363636	0.46079618	1.0	0.0	35.23077	0.058105744	0.24240948	1.128955	-0.17603748	62500	-0.29643238	0.02508475	0.013224661	-0.010184073	1.4821616	0.018022206	0.694	4.0	81.67041635513306
125	0.9090909	0.27272728	1.0	0.09090909	45.2	0.035081327	0.102704294	0.5936723	-0.0066833645	63000	-0.3018274	0.00974583	-0.004031688	-0.0072238203	1.5091369	0.0152956275	0.338	11.0	82.31187582015991
126	0.8347107	0.35063148	1.0	0.09090909	41.272728	0.06427365	0.18009047	0.9821369	0.0008189529	63500	-0.30416986	0.0037816362	-0.0027229786	7.3029194e-05	1.5208492	0.030957244	0.362	2.0	82.83028197288513
127	0.8347107	0.35063145	1.0	0.09090909	41.272728	0.05417089	0.19117509	1.0578214	0.0024550855	64000	-0.30652592	0.003780512	0.0019595325	-0.00016002823	1.5326296	0.0150817735	0.912	7.0	83.43282198905945
128	0.8181818	0.36363634	1.0	0.09090909	45.2	0.08491877	0.20133682	0.98260736	0.005318925	64500	-0.2933253	0.0042275754	0.0063844025	-0.0004572298	1.4666266	0.03241325	0.452	4.0	83.98464179039001
129	0.9090909	0.27272725	1.0	0.09090909	45.2	0.06031668	0.1645141	0.9111792	0.008110963	65000	-0.29809323	0.002783797	-0.011331946	-0.00066775293	1.4904661	0.047667872	0.438	3.0	84.52584934234619
130	0.8347107	0.35063148	1.0	0.09090909	41.272728	0.05300159	0.19608158	1.0698187	0.0036576241	65500	-0.30705476	0.0029846476	0.0052562654	-0.00025044568	1.5352738	0.025379727	0.382	1.0	85.09574556350708
131	1.0	0.0	1.0	1.0	50.0	0.04026388	0.18216527	1.0118791	-0.015224479	66000	-0.30798525	0.00038473165	-0.0008125007	-0.00016532326	1.5399262	0.0012970057	0.0	15.0	85.66827273368835
132	0.6503496	0.4422766	1.0	0.09090909	35.23077	0.08408047	0.20161434	1.0851549	-0.018115826	66500	-0.3002955	0.008157126	-0.0035822988	-0.0011383747	1.5014775	0.01568197	0.202	13.0	86.29124236106873
133	1.0	0.0	1.0	1.0	50.0	0.046354134	0.1570093	0.897331	-0.009743437	67000	-0.30936053	0.0019048948	-0.0013885796	-0.0013810466	1.5468026	0.018351955	0.35	2.0	86.80816078186035
134	0.7132867	0.43062392	1.0	0.0	35.23077	0.07664563	0.21236444	1.1137878	0.011070058	67500	-0.30593562	0.007998512	0.0047957003	-0.0016798894	1.5296781	0.015873037	0.166	1.0	87.39119148254395
135	0.9090909	0.27272728	1.0	0.09090909	45.2	0.040258642	0.15961488	0.8804583	-0.0071627125	68000	-0.30658785	0.0027938574	0.0004711151	-0.0009240365	1.5329392	0.019171696	0.364	3.0	87.94643950462341
136	0.8347107	0.35063148	1.0	0.09090909	41.272728	0.06809668	0.18015628	1.038837	-0.0016952828	68500	-0.30444753	0.0023642555	-0.0020103753	-9.2261005e-05	1.5222377	0.0033781407	0.41	15.0	88.57321906089783
137	0.8347107	0.35063148	1.0	0.09090909	41.272728	0.060256682	0.20326434	1.1174804	-0.008144893	69000	-0.30663258	0.0027560266	0.0006826222	-0.00037701125	1.5331628	0.019886032	0.952	4.0	89.10349464416504
138	0.8347107	0.35063145	1.0	0.09090909	41.272728	0.05207656	0.18824442	1.0069301	-0.06737779	69500	-0.30721328	0.0033549299	-0.00056284666	-6.385823e-05	1.5360663	0.00035846067	0.0	15.0	89.69534158706665
139	0.74380165	0.41896832	1.0	0.0	41.272728	0.09317381	0.22103667	0.98783267	-0.011867411	70000	-0.28337532	0.007343458	-0.0025008619	-0.0016458756	1.4168766	-0.0055593196	0.42	15.0	90.29168748855591
140	0.6818182	0.45074168	1.0	0.0	38.0	0.08829626	0.16757879	0.86023474	-0.0042289644	70500	-0.29647145	0.007001115	0.003138125	-0.00041470584	1.4823571	0.019791989	0.342	1.0	90.9417314529419
141	0.77272725	0.3936479	1.0	0.09090909	38.0	0.05768522	0.1608245	0.86213356	0.008696251	71000	-0.30546993	0.0046318327	0.0022864342	-0.00055623567	1.5273496	0.020093316	0.544	4.0	91.50152969360352
142	0.8090909	0.38235894	1.0	0.0	45.2	0.11290634	0.21662673	1.0329107	-0.015594676	71500	-0.28333735	0.0067059887	-0.0069003105	-0.0012343326	1.4166868	0.006564855	0.246	15.0	92.07962703704834
143	0.66883117	0.44484073	1.0	0.0	32.857143	0.03538933	0.18071395	0.9137344	-0.07160614	72000	-0.30353776	0.0066161538	-0.0021311343	-0.000107723754	1.5176888	0.01693293	0.316	9.0	92.73127269744873
144	0.9090909	0.27272728	1.0	0.09090909	45.2	0.032755584	0.16123402	0.8989092	-0.023702756	72500	-0.30874756	0.0025899329	0.0011194944	-0.00094811455	1.5437378	0.005650574	0.206	15.0	93.28860545158386
145	1.0	0.0	1.0	1.0	50.0	0.042173445	0.19439578	1.080353	-0.0042154044	73000	-0.30978373	0.00032406536	-0.0020578206	-1.6354665e-05	1.5489187	0.00042941546	0.192	15.0	93.83276724815369
146	0.9090909	0.27272728	1.0	0.09090909	45.2	0.032676622	0.19959158	1.1060951	-0.10383127	73500	-0.3080829	0.0016542866	-0.002309233	-0.00012278894	1.5404146	0.0005741234	0.092	15.0	94.49673295021057
147	0.8347107	0.35063145	1.0	0.09090909	41.272728	0.040767305	0.19909802	1.0511982	-0.011803076	74000	-0.30835634	0.0026300217	-0.003198862	-0.00012764381	1.5417817	0.005611412	0.106	15.0	95.08121871948242
148	0.7090909	0.4449905	1.0	0.0	45.1	0.13114414	0.23605996	0.9770156	-0.0014346689	74500	-0.2865749	0.03194932	0.016926914	-0.015039697	1.4328744	0.017251156	0.356	1.0	95.81707262992859
149	0.8727273	0.30205905	1.0	0.0	45.2	0.050398186	0.108284906	0.582282	-0.008210644	75000	-0.2988131	0.022967009	0.031037033	-0.01602821	1.4940656	0.05257902	0.594	1.0	96.41558313369751
150	1.0	0.0	1.0	1.0	50.0	0.06709169	0.22745754	1.2021257	-0.008149803	75500	-0.2826705	0.0019342214	0.0134238005	-0.00017337815	1.4133525	0.016006358	0.07	1.0	97.01003289222717
151	0.8264463	0.36867285	1.0	0.0	41.272728	0.042314574	0.21284953	1.1336236	-0.061450697	76000	-0.2697464	0.0037885224	-0.007128328	-0.0005662639	1.3487319	0.06356641	0.95	2.0	97.50922966003418
152	0.8090909	0.38235894	1.0	0.0	45.2	0.061098456	0.19788751	0.9459258	-0.059025906	76500	-0.28700843	0.0043126927	-0.00034877658	-0.0005307803	1.4350421	0.016611824	0.378	1.0	98.07000970840454
153	0.7651515	0.4073335	1.0	0.0	38.0	0.044289663	0.16151632	0.864846	-0.0495888	77000	-0.29110587	0.0060259555	-0.017318755	-0.0004498735	1.4555292	0.056240298	0.648	2.0	98.63779377937317
154	0.75757575	0.42043746	1.0	0.0	38.0	0.044002272	0.1959898	0.9902059	-0.028822593	77500	-0.30892858	0.006204031	0.0058189034	-0.0004404066	1.5446428	0.03737546	0.808	1.0	99.3281524181366
155	1.0	0.0	1.0	1.0	50.0	0.02346473	0.16197768	0.87291145	-0.027733862	78000	-0.30502808	0.0013970818	0.021424085	-0.0011176981	1.5251402	0.041822985	0.96	1.0	100.0682623386383
156	1.0	0.0	1.0	1.0	50.0	0.024559094	0.20094068	1.1184969	-0.07479811	78500	-0.2886304	0.00044050408	0.012892544	-8.757858e-05	1.443152	0.032620195	0.558	1.0	100.55774760246277
157	0.9090909	0.27272728	1.0	0.09090909	45.2	0.057846025	0.1868433	1.0750549	-0.011409782	79000	-0.27569628	0.002027016	0.008493453	-0.0001408069	1.3784814	0.06600545	0.668	1.0	101.10144233703613
158	0.8181818	0.36363634	1.0	0.09090909	45.2	0.0944738	0.23773858	1.122085	-0.01462242	79500	-0.26966295	0.004654121	-0.0055880547	-0.001307542	1.3483148	0.017247945	0.696	1.0	101.84477710723877
159	0.66883117	0.44484076	1.0	0.0	32.857143	0.05491369	0.19348837	0.9738963	-0.027726434	80000	-0.28679344	0.0072490987	-0.0062455237	-0.00048554642	1.4339672	0.06598638	0.942	1.0	102.411700963974
160	1.0	0.0	1.0	1.0	50.0	0.04051737	0.15212016	0.84110785	-0.018466309	80500	-0.30061418	0.0020215497	0.007932216	-0.0018415403	1.5030708	0.035415124	0.96	1.0	102.92862606048584
161	0.9	0.29999998	1.0	0.0	45.2	0.040893637	0.21336254	1.1028942	-0.030298494	81000	-0.30286926	0.004106363	-0.005479455	-0.0007970028	1.5143461	0.015575995	0.51	5.0	103.49609756469727
162	0.8181818	0.36363634	1.0	0.09090909	45.2	0.06675312	0.18997967	0.9328299	-0.037351146	81500	-0.3043758	0.0041923174	0.01477322	-0.00031611603	1.521879	0.04061506	0.592	1.0	104.10436058044434
163	0.9090909	0.27272728	1.0	0.09090909	45.2	0.04644732	0.16398895	0.88933724	0.0037156716	82000	-0.30581963	0.0021857528	0.013100505	-0.0005971615	1.5290982	0.03901464	0.748	1.0	104.63212203979492
164	0.9090909	0.27272728	1.0	0.09090909	45.2	0.055923026	0.1997296	1.0823393	-0.009947866	82500	-0.2949802	0.0017045634	-0.008533806	-0.00013758568	1.474901	0.052549202	0.59	2.0	105.17567658424377
165	1.0	0.0	1.0	1.0	50.0	0.041626245	0.1838602	1.0265851	-0.020021684	83000	-0.30867243	0.00039301315	0.012772381	-0.00015559114	1.5433619	0.047110707	0.412	3.0	105.71361589431763
166	0.9090909	0.27272728	1.0	0.09090909	45.2	0.05759213	0.198575	1.0982059	-0.020144388	83500	-0.30089733	0.0022629956	-0.00042301416	-0.00015981705	1.5044867	0.06285071	0.866	3.0	106.25251984596252
167	0.6363636	0.46079618	1.0	0.0	35.23077	0.10238565	0.2155329	1.0323654	-0.011487767	84000	-0.3048803	0.008752831	0.007522136	-0.0013925764	1.5244014	0.021040134	0.39	10.0	106.85706448554993
168	0.8347107	0.35063145	1.0	0.09090909	41.272728	0.06027638	0.156336	0.87968606	0.0026944578	84500	-0.30360338	0.003824667	-0.00025716424	-0.0011042401	1.5180169	0.019462185	0.554	4.0	107.46222710609436
169	0.74380165	0.41896835	1.0	0.0	41.272728	0.06425849	0.20781069	1.0807916	-0.03494493	85000	-0.3040331	0.007869031	0.02151239	-0.0013898765	1.5201654	0.049198143	0.748	1.0	108.04842877388
170	0.8347107	0.35063145	1.0	0.09090909	41.272728	0.061789732	0.15981418	0.8779172	0.020489067	85500	-0.2902135	0.0038222354	-0.008859128	-0.00075732195	1.4510674	0.024390668	0.57	2.0	108.63328051567078
171	0.9090909	0.27272725	1.0	0.09090909	50.0	0.13838117	0.32152283	1.0302411	-0.025078565	86000	-0.27641484	0.0055777235	0.010593176	-0.0022688943	1.382074	0.036503248	0.504	1.0	109.16695594787598
172	1.0	0.0	1.0	1.0	50.0	0.039115567	0.146737	0.83449924	0.0051749125	86500	-0.3089167	0.0025789915	0.015382677	-0.0020944348	1.5445836	0.03990691	0.352	1.0	109.69032311439514
173	0.8264463	0.36867285	1.0	0.0	41.272728	0.056646924	0.20637208	1.1664424	-6.670505e-05	87000	-0.3000459	0.0042264047	-0.0030143857	-0.00061102444	1.5002295	0.016076174	0.788	3.0	110.23797607421875
174	0.9090909	0.27272728	1.0	0.09090909	45.2	0.044709023	0.18694983	1.0084469	-0.0030464306	87500	-0.30575576	0.0017293132	0.0043615103	-4.9506663e-05	1.5287788	0.018599126	0.484	2.0	110.78561353683472
175	0.9090909	0.27272728	1.0	0.09090909	50.0	0.07808534	0.19475956	1.0214409	-0.006977938	88000	-0.29993463	0.0025284432	-0.0010754168	-0.0003331427	1.499673	0.021554064	0.34	4.0	111.28098607063293
176	0.8181818	0.36363637	1.0	0.09090909	45.2	0.05429377	0.18509728	0.9759225	-0.019377902	88500	-0.30695412	0.0042133327	-0.0021196902	-0.00048788078	1.5347705	0.0020349638	0.192	15.0	111.8642258644104
177	0.68939394	0.43985087	1.0	0.0	38.0	0.07119151	0.20513725	0.9484297	-0.012606926	89000	-0.28368124	0.0067987456	-0.002969265	-0.0013978169	1.4184061	0.0037203892	0.27	15.0	112.46245241165161
178	0.9090909	0.27272725	1.0	0.09090909	45.2	0.039868195	0.15529142	0.8591659	-0.0007124841	89500	-0.30460295	0.0029907734	-0.0005389452	-0.0010556536	1.5230147	0.020337252	0.956	4.0	113.0985541343689
179	0.7132867	0.43062392	1.0	0.0	35.23077	0.055164173	0.20664386	1.086684	0.0017210618	90000	-0.3050088	0.006729162	-0.0013299286	-0.00093986234	1.525044	-0.0021004796	0.002	15.0	113.74798703193665
180	0.9090909	0.27272728	1.0	0.09090909	45.2	0.04397798	0.16374826	0.8956159	-0.00013357401	90500	-0.3087107	0.0024349068	-0.00014427304	-0.00067276554	1.5435535	0.0008996756	0.008	15.0	114.37222385406494
181	0.9	0.29999998	1.0	0.0	45.2	0.043388885	0.18131816	1.0609562	-0.008351974	91000	-0.30897555	0.0026500642	-0.0009624064	-0.0002379173	1.5448778	0.0007018893	0.002	15.0	114.98405885696411
182	1.0	0.0	1.0	1.0	50.0	0.037600853	0.19935428	1.1171193	-0.030778185	91500	-0.30980107	0.0003235493	-0.0021921098	-4.08325e-05	1.5490053	-0.0003755703	0.012	15.0	115.53099179267883
183	1.0	0.0	1.0	1.0	50.0	0.028205378	0.19458035	1.081048	-0.064944744	92000	-0.30875015	0.00027962064	-0.008622825	-4.343121e-05	1.5437508	0.0033728366	0.014	15.0	116.06714630126953
184	0.75	0.4330127	1.0	0.0	38.0	0.05855718	0.21164128	1.100941	0.00075662136	92500	-0.30961403	0.008231426	0.02269432	-0.0015292009	1.5480703	0.06640515	0.444	1.0	116.70463514328003
185	0.7651515	0.4073335	1.0	0.0	38.0	0.052335944	0.16503596	0.85101986	0.0065410137	93000	-0.29664686	0.006656194	0.019927025	-0.00025389297	1.4832343	0.041371234	0.556	1.0	117.28582715988159
186	1.0	0.0	1.0	1.0	50.0	0.039298918	0.16627705	0.91278	-0.051299438	93500	-0.27518025	0.0010343979	0.0014597774	-0.0007510117	1.3759012	0.03366918	0.912	2.0	117.82966685295105
187	0.74380165	0.41896835	1.0	0.0	41.272728	0.12374399	0.25616005	1.1357057	0.020087518	94000	-0.2745791	0.007946331	0.0037509203	-0.002766978	1.3728955	0.016580919	0.836	1.0	118.39491701126099
188	0.74380165	0.41896832	1.0	0.0	43.272728	0.0915789	0.17952468	0.8948583	0.017928198	94500	-0.2858208	0.014380648	0.0023117363	-0.0031733038	1.429104	0.026623363	0.274	1.0	118.94114804267883
189	1.0	0.0	1.0	1.0	50.0	0.059783418	0.121811785	0.6887326	-0.016281664	95000	-0.29924038	0.006126278	0.0036828816	-0.0054165134	1.4962019	0.033191208	0.26	1.0	119.4750280380249
190	0.5984848	0.47594815	1.0	0.0	37.75	0.15300797	0.27672216	1.1474602	-0.05733023	95500	-0.25453758	0.04046221	0.018957347	-0.020072864	1.2726878	0.020480443	0.37	1.0	120.10990953445435
191	0.9090909	0.27272728	1.0	0.09090909	50.0	0.11619374	0.0780892	0.5414968	0.07445347	96000	-0.3018807	0.012382841	0.0024536848	-0.0029835189	1.5094035	0.016803082	0.444	3.0	120.63645529747009
192	0.9090909	0.27272725	1.0	0.09090909	50.0	0.12059039	0.12157903	0.73885304	0.037914243	96500	-0.30401292	0.0062050847	0.008260876	-0.002808855	1.5200645	0.015755087	0.428	1.0	121.13114047050476
193	0.9	0.29999998	1.0	0.0	45.2	0.08981888	0.16552426	0.95816046	0.03494444	97000	-0.30671957	0.002700079	-0.0010875762	-0.0006079704	1.5335978	0.022766128	0.496	3.0	121.75112342834473
194	0.7651515	0.40733346	1.0	0.0	38.0	0.1028882	0.205872	1.1142553	0.016353346	97500	-0.30575365	0.0055955653	0.0053617656	-0.0012069466	1.5287682	0.028981423	0.75	4.0	122.30927777290344
195	1.0	0.0	1.0	1.0	50.0	0.069325134	0.17530401	0.9774651	-0.095263004	98000	-0.3057589	0.0008920082	0.000616163	-0.0005469394	1.5287944	0.0037115174	0.084	15.0	122.84390044212341
196	1.0	0.0	1.0	1.0	50.0	0.074847564	0.18598846	1.0716994	-0.0038600564	98500	-0.30726525	0.00025225544	-0.0028164387	-6.605797e-05	1.5363262	0.0018036728	0.008	15.0	123.36304306983948
197	0.9090909	0.27272728	1.0	0.09090909	45.2	0.07269795	0.21004467	1.1382769	0.0186496	99000	-0.3074365	0.002055831	-0.0015559196	-0.00047534378	1.5371823	0.0065627717	0.232	15.0	123.97920155525208
198	0.8347107	0.35063145	1.0	0.09090909	41.272728	0.074587524	0.18461818	1.002985	0.020369202	99500	-0.30702838	0.0033076569	-0.0008177161	-0.00010712701	1.535142	0.0058609513	0.228	15.0	124.62007641792297
199	0.8347107	0.35063145	1.0	0.09090909	41.272728	0.0684498	0.18267152	0.9837143	0.0134468	100000	-0.30808613	0.0034310713	-0.00022339821	-0.00010823808	1.5404305	0.0013824458	0.0	15.0	125.206552028656
200	0.6293706	0.4696261	1.0	0.0	34.846153	0.10958367	0.2203825	0.9857808	0.01741112	100500	-0.28560567	0.029420476	0.015723139	-0.0151126925	1.4280285	0.021990612	0.35	3.0	125.89062929153442
201	0.9090909	0.27272725	1.0	0.09090909	45.2	0.08204614	0.08378396	0.5129174	-0.17557147	101000	-0.30717674	0.013174627	-0.0064799488	-0.010971345	1.5358838	0.042519692	0.278	4.0	126.40939545631409
202	0.9090909	0.27272725	1.0	0.09090909	50.0	0.09075593	0.18005781	1.0053055	0.008191109	101500	-0.30864683	0.0028284404	0.0071423054	-0.00038611353	1.5432341	0.020430401	0.808	1.0	126.94728016853333
203	0.8347107	0.35063145	1.0	0.09090909	41.272728	0.06119381	0.18828109	1.0119696	-0.017896317	102000	-0.30101985	0.0024717108	0.00018966198	-5.577202e-05	1.5050992	0.041841213	0.488	3.0	127.63485765457153
204	0.8347107	0.35063145	1.0	0.09090909	41.272728	0.05949315	0.18512756	0.9949385	-0.006127782	102500	-0.30396906	0.0028793411	-0.00086033344	-4.3574488e-05	1.5198452	0.02858126	0.718	2.0	128.2187945842743
205	0.8347107	0.35063145	1.0	0.09090909	41.272728	0.06382999	0.18424276	1.0004892	0.005317405	103000	-0.30606338	0.0033240356	0.00032874942	-9.536836e-05	1.530317	0.018159572	0.53	1.0	128.7452735900879
206	0.9090909	0.27272728	1.0	0.09090909	50.0	0.10409167	0.21855369	1.0038832	-0.0044376403	103500	-0.28761503	0.0014515736	0.002832681	-0.00018806104	1.4380752	0.025912262	0.3	2.0	129.30589079856873
207	0.9090909	0.27272728	1.0	0.09090909	45.2	0.0475194	0.19320081	1.0380039	-0.0033254474	104000	-0.30491337	0.0012902421	-0.0016742945	-5.7165744e-06	1.524567	0.020999366	0.76	4.0	129.85784459114075
208	0.8347107	0.35063145	1.0	0.09090909	41.272728	0.044256795	0.1978034	1.0449959	-0.064471684	104500	-0.30558044	0.0030798549	-0.00048032403	-0.00017983839	1.5279022	-0.0007301898	0.0	15.0	130.4425573348999
209	0.66883117	0.44484076	1.0	0.0	32.857143	0.059814904	0.19603783	0.9710926	-0.0035213903	105000	-0.30338815	0.009418106	-0.002565682	-0.00077495165	1.5169406	0.0007917237	0.196	15.0	131.08628225326538
210	0.9090909	0.27272725	1.0	0.09090909	45.2	0.06267156	0.16053729	0.80800694	-0.027602367	105500	-0.30393884	0.004943297	-0.0014155805	-0.00045119645	1.5196941	0.0033116778	0.046	15.0	131.65802454948425
211	0.9090909	0.27272728	1.0	0.09090909	45.2	0.027099896	0.16394301	0.85425836	-0.07698663	106000	-0.3065146	0.0025797791	-0.0006081462	-0.0009901711	1.532573	0.0013351786	0.0	15.0	132.227801322937
212	0.7651515	0.4073335	1.0	0.0	38.0	0.048967633	0.21074648	1.0675017	-0.008880056	106500	-0.30468774	0.0053386423	0.00024670362	-0.00088306563	1.5234387	0.028121315	0.436	1.0	132.83735370635986
213	0.8090909	0.38235894	1.0	0.0	45.2	0.055486143	0.17637703	0.9068403	-0.01838816	107000	-0.29887655	0.005918075	0.011171669	-0.00015363656	1.4943827	0.025217824	0.438	3.0	133.4672248363495
214	0.8264463	0.36867285	1.0	0.0	41.272728	0.050566405	0.15942797	0.83767235	0.005038984	107500	-0.3050025	0.0055934205	-0.00036871433	-0.0005544261	1.5250125	0.023035167	0.414	3.0	134.07783699035645
215	1.0	0.0	1.0	1.0	50.0	0.04119509	0.18250099	1.0415914	-0.011846401	108000	-0.30873522	0.00031889306	0.0052150786	-0.0001607423	1.543676	0.02004942	0.356	1.0	134.61808061599731
216	0.9090909	0.27272725	1.0	0.09090909	45.2	0.056954842	0.20347458	1.0853412	-0.03492967	108500	-0.30366912	0.0013325829	0.0008637309	-0.00014749274	1.5183456	0.017021144	0.548	4.0	135.12711882591248
217	1.0	0.0	1.0	1.0	50.0	0.0613265	0.17998356	1.0116092	-0.0073856637	109000	-0.30749238	0.0007724379	-0.0015750527	-0.00036467193	1.5374619	0.0035977426	0.16	15.0	135.76443529129028
218	0.8347107	0.35063145	1.0	0.09090909	41.272728	0.046257548	0.21160862	1.1408652	-0.05688212	109500	-0.30617532	0.003345926	-0.00017550588	-0.0005220559	1.5308766	-0.00059219456	0.0	15.0	136.34153294563293
219	0.77272725	0.3936479	1.0	0.09090909	38.0	0.05905449	0.19273356	1.0104924	-0.044354342	110000	-0.3039336	0.004638599	-0.0007446408	-0.00015143212	1.5196679	-0.00073149276	0.0	15.0	136.92033338546753
220	0.9090909	0.27272728	1.0	0.09090909	45.2	0.045090806	0.16921921	0.90531355	-0.008170828	110500	-0.30812937	0.001837281	-0.0001296401	-0.00051467714	1.5406468	0.001895425	0.066	15.0	137.5230793952942
221	0.9090909	0.27272728	1.0	0.09090909	45.2	0.051146243	0.19677849	1.0493953	-0.009633079	111000	-0.30819273	0.0015824598	-0.0002130568	-8.974981e-05	1.5409636	-0.0007818043	0.0	15.0	138.10748767852783
222	0.8347107	0.35276768	1.0	0.0	41.272728	0.051597327	0.19598119	1.0174406	-0.015072674	111500	-0.30708298	0.0039328476	0.0097515285	-0.00020686886	1.5354148	0.025084462	0.396	5.0	138.6868109703064
223	0.8264463	0.36867285	1.0	0.0	41.272728	0.03889164	0.18049493	0.9294891	-0.0134167	112000	-0.30424297	0.0036635392	-0.004794359	-3.328477e-05	1.5212148	0.018541414	0.378	1.0	139.24301481246948
224	1.0	0.0	1.0	1.0	50.0	0.037892807	0.17717728	0.9662898	-0.026171662	112500	-0.3083701	0.00046501958	0.004760176	-0.000316409	1.5418506	0.017362747	0.96	3.0	139.77685165405273
225	0.77272725	0.3936479	1.0	0.09090909	38.0	0.04966906	0.20833981	1.0932661	-0.034804292	113000	-0.30389488	0.005153166	0.0010595918	-0.00069680857	1.5194744	0.023129798	0.738	3.0	140.32054662704468
226	0.9090909	0.27272728	1.0	0.09090909	45.2	0.039448965	0.17401516	0.92951924	-0.029783577	113500	-0.30683374	0.0018210678	0.0005347729	-0.0003194519	1.5341687	-0.004225463	0.238	15.0	140.89537525177002
227	0.7651515	0.4073335	1.0	0.0	38.0	0.059361365	0.19885816	1.0278049	-0.007879898	114000	-0.30427814	0.0046296846	-0.0004657805	-0.0002882094	1.5213907	0.015221254	0.616	4.0	141.45275163650513
228	1.0	0.0	1.0	1.0	50.0	0.04439888	0.16881782	0.9957194	-0.0036626682	114500	-0.3085203	0.00092767406	0.004031837	-0.0006271645	1.5426013	0.019824062	0.364	12.0	142.00129532814026
229	1.0	0.0	1.0	1.0	50.0	0.048313882	0.19798878	1.1260563	-0.016292714	115000	-0.3072741	0.00020265495	-0.001378715	2.585238e-05	1.5363705	-0.0029506474	0.148	15.0	142.52309370040894
230	0.9090909	0.27272728	1.0	0.09090909	50.0	0.059560325	0.20068723	1.0631444	-0.03177136	115500	-0.30410093	0.0030158826	-0.0021291673	-0.00028149295	1.5205045	0.023665825	0.492	7.0	143.06755304336548
231	0.8347107	0.35063148	1.0	0.09090909	41.272728	0.046017777	0.18392564	1.0107806	-0.01992733	116000	-0.30600685	0.002861407	0.00026473403	-3.140443e-05	1.5300342	0.016988944	0.844	3.0	143.5740942955017
232	0.9090909	0.27272728	1.0	0.09090909	45.2	0.06341456	0.18326321	1.0329053	-0.007165566	116500	-0.30673006	0.0016091997	-4.7057867e-05	-9.299023e-05	1.5336503	0.015549638	0.528	3.0	144.11868023872375
233	0.9090909	0.27272728	1.0	0.09090909	45.2	0.051689506	0.19376297	1.0320187	-0.04210452	117000	-0.30540428	0.0020226475	0.00031730533	-0.000118228025	1.5270213	0.00065253937	0.144	15.0	144.72459816932678
234	0.9090909	0.27272725	1.0	0.09090909	45.2	0.044495393	0.19638704	1.0321251	-0.0046067834	117500	-0.30805072	0.0016024391	-0.00033470988	-6.160489e-05	1.5402535	0.0037268794	0.21	15.0	145.57086324691772
235	0.8264463	0.36867285	1.0	0.0	41.272728	0.045763083	0.19358422	0.9950156	-0.002657473	118000	-0.3071794	0.0035987117	-0.0005648136	-0.000113771064	1.5358969	0.017791813	0.566	2.0	146.13337898254395
236	0.7651515	0.4073335	1.0	0.0	38.0	0.03640861	0.18808663	0.97038555	-0.050506078	118500	-0.30375183	0.0047101667	0.0053985715	-0.00012007961	1.518759	0.032331735	0.41	1.0	146.75964522361755
237	1.0	0.0	1.0	1.0	50.0	0.037549503	0.16222419	0.9087171	-0.011024848	119000	-0.3022979	0.001244097	0.009393811	-0.0010233491	1.5114896	0.031810615	0.452	2.0	147.26748514175415
238	0.8347107	0.35063145	1.0	0.09090909	41.272728	0.035978973	0.21445544	1.0859516	-0.0579706	119500	-0.3067239	0.0034458514	0.015396416	-0.0005387212	1.5336194	0.024729129	0.378	1.0	147.78791308403015
239	0.75757575	0.42043746	1.0	0.0	38.0	0.027023118	0.19049543	0.9223683	-0.05756849	120000	-0.29782924	0.0069660055	-0.010498762	-0.00020196894	1.4891465	0.01797418	0.698	1.0	148.47587203979492
240	0.9090909	0.27272728	1.0	0.09090909	45.2	0.007807628	0.17197357	0.8366555	-0.17086165	120500	-0.30688095	0.0024701578	0.012481749	-0.0008731788	1.5344048	0.016157525	0.38	1.0	149.06204104423523
241	0.8264463	0.36867285	1.0	0.0	41.272728	0.03942682	0.20467566	1.0199014	-0.014257744	121000	-0.3034645	0.0051852134	0.0116941035	-0.00057886774	1.5173224	0.028320411	0.4	1.0	149.59381747245789
242	0.9090909	0.27272728	1.0	0.09090909	45.2	0.04002076	0.16867393	0.891442	-0.006063655	121500	-0.29603967	0.002055162	-0.0055271983	-0.00051046326	1.4801983	0.04089915	0.392	3.0	150.16144156455994
243	1.0	0.0	1.0	1.0	50.0	0.042217437	0.19311205	1.0469257	-0.007732585	122000	-0.30847403	9.689579e-05	0.0046802163	1.5165278e-07	1.5423701	0.025592338	0.396	1.0	150.71219182014465
244	1.0	0.0	1.0	1.0	50.0	0.03615019	0.19563538	1.0473815	-0.026126243	122500	-0.30609223	0.0001149978	0.0026955903	-8.638155e-06	1.5304612	0.03629838	0.784	3.0	151.2554681301117
245	1.0	0.0	1.0	1.0	50.0	0.047054198	0.19258043	1.0387858	-0.012372732	123000	-0.30855662	0.0001241831	0.0034282506	-2.5222602e-05	1.5427829	0.019107023	0.306	6.0	151.77615761756897
246	1.0	0.0	1.0	1.0	50.0	0.04387042	0.19381855	1.0524366	-0.002025172	123500	-0.308643	0.00021344061	0.00018182397	-2.5385423e-05	1.543215	0.0031358385	0.18	15.0	152.310364484787
247	0.9090909	0.27272728	1.0	0.09090909	45.2	0.04647004	0.20156668	1.0674194	-0.0071086437	124000	-0.30704987	0.0018387068	0.00034925342	-0.00014202448	1.5352494	0.01605093	0.588	3.0	152.8326222896576
248	0.9090909	0.27272728	1.0	0.09090909	45.2	0.043176055	0.1860015	0.97200143	-0.05031553	124500	-0.30667028	0.0014082695	-0.0012201071	-0.00012495997	1.5333514	0.0060031624	0.16	15.0	153.43472838401794
249	0.8347107	0.35063145	1.0	0.09090909	41.272728	0.044640854	0.19663657	1.0158746	-0.053816468	125000	-0.305888	0.0029391095	-0.00059205294	-0.00016217097	1.5294399	-0.00068711734	0.03	15.0	154.0167636871338
250	0.77272725	0.3936479	1.0	0.09090909	38.0	0.055195376	0.18925881	0.9594472	-0.0004883334	125500	-0.30476516	0.0045230323	-0.0007133484	-0.00014375476	1.5238258	-0.0017279844	0.196	15.0	154.71422815322876
251	0.9	0.29999998	1.0	0.0	45.2	0.045891967	0.17128725	0.90609187	-0.013322137	126000	-0.30779418	0.0019538049	-0.00021225214	-0.00037374732	1.5389708	-0.0012110899	0.002	15.0	155.27468061447144
252	0.9090909	0.27272728	1.0	0.09090909	45.2	0.041330624	0.19970565	1.0380157	-0.03941904	126500	-0.30782607	0.0016366612	-0.0002245307	-0.00010599743	1.5391303	0.0009730687	0.0	15.0	155.87667536735535
253	0.8347107	0.35063145	1.0	0.09090909	41.272728	0.04336272	0.1903587	0.9824084	-0.047318004	127000	-0.30615407	0.00238586	-0.0040064454	-7.629534e-05	1.5307703	0.0014789184	0.026	15.0	156.4362862110138
254	0.8347107	0.35063145	1.0	0.09090909	41.272728	0.041861665	0.19252065	0.9808034	-0.030013524	127500	-0.30699417	0.002983391	-0.0011633039	-6.2096864e-05	1.5349709	0.0004316292	0.172	15.0	157.00417137145996
255	1.0	0.0	1.0	1.0	50.0	0.03723532	0.17703956	0.94561064	-0.020189688	128000	-0.30833092	0.00043156487	-0.00021186471	-0.00030504493	1.5416546	0.016417826	0.402	4.0	157.51580262184143
256	0.9090909	0.27272728	1.0	0.09090909	45.2	0.04112294	0.20175757	1.0740681	-0.03926672	128500	-0.30687094	0.0019170988	-0.0012492537	-0.00013954064	1.5343547	0.015000804	0.274	2.0	158.04391622543335
257	0.7520661	0.40487435	1.0	0.09090909	41.272728	0.071742654	0.2017054	0.99364936	0.0009066686	129000	-0.30299535	0.005490349	0.011614889	-0.0007237517	1.5149767	0.023957584	0.358	9.0	158.6894235610962
258	0.7181818	0.43112385	1.0	0.0	45.6	0.09329925	0.18084629	0.89592505	0.0162815	129500	-0.30142635	0.0063555865	0.05366546	-0.00076765753	1.5071318	0.08947755	0.782	1.0	159.27708411216736
259	0.9090909	0.27272728	1.0	0.09090909	45.2	0.044161655	0.15466985	0.82512563	0.0036002845	130000	-0.28181517	0.0029175326	0.0124510825	-0.0011004282	1.4090759	0.021244476	0.102	1.0	159.92951726913452
260	0.9090909	0.27272728	1.0	0.09090909	45.2	0.04745643	0.20402585	1.0625522	-0.0039768666	130500	-0.26911625	0.0016959459	-0.0051724613	-0.00017373578	1.3455813	0.027076492	0.92	1.0	160.50077962875366
261	0.66883117	0.44484073	1.0	0.0	32.857143	0.043696497	0.2010704	0.9730804	-0.022983342	131000	-0.27853772	0.008128204	-0.00019335747	-0.00068250764	1.3926885	0.054609165	0.918	1.0	161.08592009544373
262	1.0	0.0	1.0	1.0	50.0	0.016018288	0.15108451	0.80765915	-0.03307897	131500	-0.2842082	0.0022563816	0.010601938	-0.0020282438	1.4210409	0.029047081	0.2	1.0	161.61102724075317
263	0.9	0.29999998	1.0	0.0	45.2	0.038782943	0.21099325	1.1116198	-0.021296099	132000	-0.28147832	0.0024581566	-0.0022543669	-0.000520683	1.4073915	0.018311584	0.118	1.0	162.15655779838562
264	0.8181818	0.36363637	1.0	0.09090909	45.2	0.057440028	0.18148498	0.9634956	-0.029046662	132500	-0.27303106	0.0031671035	0.010076046	-0.00013518264	1.3651553	0.05165647	0.558	1.0	162.70347714424133
265	0.8090909	0.38235894	1.0	0.0	50.0	0.073642686	0.20125635	0.95317787	-0.054987423	133000	-0.28598055	0.0046556653	0.0029076934	-0.0006749523	1.4299028	0.021043131	0.74	1.0	163.2825825214386
266	0.9090909	0.27272728	1.0	0.09090909	45.2	0.04008244	0.16749367	0.8794141	-0.06313109	133500	-0.29920805	0.0023017954	0.010491431	-0.00046808424	1.4960402	0.108874395	0.96	2.0	163.7757751941681
267	0.8347107	0.35063145	1.0	0.09090909	41.272728	0.060250755	0.20339589	1.0591645	-0.019699126	134000	-0.3027105	0.0036652156	0.013538063	-0.0003499235	1.5135525	0.017729111	0.47	1.0	164.33731842041016
268	0.9090909	0.27272728	1.0	0.09090909	45.2	0.045417633	0.17676842	0.94735533	-0.008391976	134500	-0.29392365	0.0018685068	-0.0064301193	-0.00017224718	1.4696182	0.06548575	0.956	2.0	164.85982394218445
269	0.8347107	0.35063145	1.0	0.09090909	41.272728	0.049710225	0.19857031	1.0328528	0.0011350214	135000	-0.3068688	0.0028622064	0.0031633973	-0.00014087325	1.534344	0.017205553	0.642	2.0	165.39375376701355
270	1.0	0.0	1.0	1.0	50.0	0.053087816	0.17721814	0.9713679	0.004873924	135500	-0.30655032	0.0004430752	-0.0007395148	-0.00010432012	1.5327516	0.03151677	0.57	4.0	165.9366970062256
271	0.8347107	0.35063145	1.0	0.09090909	41.272728	0.068095855	0.2061169	1.1005191	0.009220548	136000	-0.30663368	0.0034926678	-0.0007392764	-0.0002456049	1.5331684	0.00091927196	0.198	15.0	166.50307393074036
272	0.9090909	0.27272728	1.0	0.09090909	45.2	0.042804774	0.17144084	0.9243142	-0.01066643	136500	-0.30781195	0.0019498165	-0.00021365285	-5.8520585e-05	1.5390596	0.010696201	0.234	15.0	167.10798001289368
273	0.6753246	0.4355977	1.0	0.09090909	32.857143	0.038541917	0.20969687	1.0297978	-0.03672245	137000	-0.30295718	0.0072831307	0.0003954172	-0.0005691494	1.5147859	0.004230238	0.198	15.0	167.78878569602966
274	1.0	0.0	1.0	1.0	50.0	0.027853254	0.15216123	0.85876477	-0.01590053	137500	-0.3091395	0.0020915135	7.176399e-05	-0.0017186509	1.5456975	0.015402612	0.358	3.0	168.30690050125122
275	0.9090909	0.27272728	1.0	0.09090909	45.2	0.092698425	0.20393808	1.1308912	0.021013476	138000	-0.30387312	0.0019331675	-0.0021264553	-0.00032921322	1.5193657	0.006219503	0.51	15.0	168.8917887210846
276	1.0	0.0	1.0	1.0	50.0	0.05394541	0.18900263	1.0419264	0.002547197	138500	-0.30918223	0.00016590668	-0.00056391954	-3.2888434e-05	1.5459111	0.008744572	0.164	15.0	169.40921211242676
277	0.9090909	0.27272728	1.0	0.09090909	50.0	0.13902521	0.32355282	1.0633318	-0.00626643	139000	-0.2793959	0.00524455	0.008939415	-0.0028684025	1.3969796	0.026685841	0.526	2.0	169.93337035179138
278	0.77272725	0.3936479	1.0	0.09090909	38.0	0.066697255	0.17081599	0.90041405	0.008636512	139500	-0.30237386	0.0042249896	0.006924957	-0.000108938664	1.5118692	0.017258735	0.13	1.0	170.46044611930847
279	0.7062937	0.44128036	1.0	0.0	35.76923	0.06973768	0.19534028	0.993123	-0.0021561757	140000	-0.29325244	0.0076435963	0.0009872913	-0.0011869315	1.466262	0.022055019	0.282	4.0	171.11989784240723
280	0.9090909	0.27272725	1.0	0.09090909	45.2	0.057550713	0.15217851	0.8458638	0.006748073	140500	-0.3026534	0.0031910837	-0.0046326816	-0.0012659874	1.5132669	0.019523907	0.164	1.0	171.72617268562317
281	0.8347107	0.35063148	1.0	0.09090909	41.272728	0.053514842	0.20574766	1.0948068	-0.0076309666	141000	-0.3056378	0.0031038488	0.0055162013	-0.00028825528	1.528189	0.020269055	0.546	3.0	172.26376056671143
282	1.0	0.0	1.0	1.0	50.0	0.044657957	0.17349946	0.96321094	0.0060905516	141500	-0.30714235	0.0006422227	0.0045844913	-0.00037030585	1.5357116	0.017072422	0.96	4.0	172.7943150997162
283	0.8347107	0.35063145	1.0	0.09090909	41.272728	0.042381722	0.20985581	1.1018676	-0.039717913	142000	-0.30160722	0.00330957	-0.0026385784	-0.00048019853	1.508036	0.017455881	0.634	3.0	173.3284375667572
284	1.0	0.0	1.0	1.0	50.0	0.040054273	0.168398	0.9568674	-0.009659089	142500	-0.30834812	0.000993581	0.010723889	-0.0006865687	1.5417408	0.031227514	0.774	2.0	173.82614827156067
285	0.8347107	0.35063145	1.0	0.09090909	41.272728	0.045578174	0.21258134	1.1301792	-0.015539654	143000	-0.306059	0.0037474497	0.0021704137	-0.000608125	1.530295	0.0180365	0.362	4.0	174.39423632621765
286	0.9090909	0.27272728	1.0	0.09090909	45.2	0.038708154	0.1752492	0.9443285	-0.0051842257	143500	-0.3056896	0.0019030635	0.00040900707	-0.00022842293	1.528448	0.021771045	0.59	5.0	174.94179821014404
287	1.0	0.0	1.0	1.0	50.0	0.04231026	0.190113	1.0441922	-0.0025421157	144000	-0.30752453	0.00018110606	-0.0018606186	-2.2431617e-05	1.5376226	0.0015925285	0.378	15.0	175.49323415756226
288	0.9090909	0.27272725	1.0	0.09090909	45.2	0.03851729	0.20316479	1.081612	-0.074792616	144500	-0.3054005	0.0015033213	-0.0018007457	-0.000116761774	1.5270025	0.009636099	0.592	15.0	176.05627870559692
289	0.8347107	0.35063145	1.0	0.09090909	41.272728	0.04669407	0.19226015	1.0080789	-0.0009883046	145000	-0.307002	0.0026768537	-0.00029203296	-6.6992594e-05	1.53501	0.0010134903	0.0	15.0	176.6364347934723
290	0.8090909	0.38235894	1.0	0.0	45.2	0.06305964	0.19171774	0.9823176	-0.04366728	145500	-0.28892154	0.003536499	0.0042257607	-0.00036523957	1.4446076	0.015004858	0.354	1.0	177.18024611473083
291	0.8347107	0.35063145	1.0	0.09090909	41.272728	0.0498516	0.17524183	0.9344369	-0.0081943795	146000	-0.3046555	0.0031552154	-0.0009793639	-0.0001671752	1.5232774	0.026649121	0.4	3.0	177.74616527557373
292	0.77272725	0.3936479	1.0	0.09090909	38.0	0.05143641	0.1959388	1.0114193	-0.0025470704	146500	-0.30628365	0.003763815	0.002181381	-0.00013321545	1.5314182	0.032777186	0.378	4.0	178.3051176071167
293	0.9090909	0.27272728	1.0	0.09090909	45.2	0.040695257	0.1752675	0.95652544	-0.0066872835	147000	-0.30518433	0.0018921702	-0.0006625354	-0.00020693813	1.5259216	0.015343443	0.45	4.0	178.8732328414917
294	0.9090909	0.27272728	1.0	0.09090909	45.2	0.048411056	0.19349839	1.0494232	-0.007583633	147500	-0.30751792	0.0017833461	0.0014813244	-8.126395e-05	1.5375896	0.020587884	0.436	4.0	179.43853044509888
295	0.8181818	0.36363634	1.0	0.09090909	45.2	0.03673602	0.19706495	1.0241733	-0.11395921	148000	-0.30666655	0.0067374734	-0.0072321	-0.0007775463	1.533333	0.0020293964	0.218	15.0	180.07593059539795
296	1.0	0.0	1.0	1.0	50.0	0.049390975	0.15711574	0.8990376	0.0044754148	148500	-0.30906218	0.0015532748	0.0064563155	-0.0012889544	1.5453107	0.021076307	0.38	11.0	180.63153457641602
297	0.77272725	0.3936479	1.0	0.09090909	38.0	0.061798543	0.21848986	1.1257575	0.005297117	149000	-0.30391213	0.0057708784	0.0027619898	-0.0012624469	1.5195606	0.0246919	0.79	2.0	181.18264031410217
298	0.9090909	0.27272728	1.0	0.09090909	45.2	0.04090073	0.161834	0.864244	-0.010041796	149500	-0.30554157	0.002484156	-0.0020997226	-0.00076551037	1.5277078	0.006524257	0.144	15.0	181.802321434021
299	0.9090909	0.27272725	1.0	0.09090909	50.0	0.05465607	0.18845817	1.0585408	-0.008786783	150000	-0.28500617	0.0020998372	0.01097852	-0.00016328716	1.4250308	0.049114775	0.348	1.0	182.31727766990662
300	0.9090909	0.27272728	1.0	0.09090909	45.2	0.11258779	0.21692169	1.0186453	0.010165982	150500	-0.29711306	0.0045913667	-0.0012802482	-0.00089470064	1.4855652	0.01962533	0.424	2.0	182.8832929134369
301	0.7181818	0.43112385	1.0	0.0	45.2	0.086598314	0.19680032	0.9408414	-0.06721459	151000	-0.287322	0.005818901	0.023629189	-0.0007454697	1.4366103	0.10898551	0.77	1.0	183.41820120811462
302	0.8264463	0.36867285	1.0	0.0	41.272728	0.01616937	0.1708148	0.9192667	-0.15381572	151500	-0.29714546	0.003958713	0.0015664995	-0.00058811856	1.4857273	0.11697798	0.712	2.0	183.9900414943695
303	0.9090909	0.27272728	1.0	0.09090909	45.2	0.03659358	0.19024469	0.99349064	-0.015902698	152000	-0.30788225	0.0016227416	0.013953745	-7.402734e-06	1.5394112	0.047201782	0.352	1.0	184.5275022983551
304	0.9090909	0.27272725	1.0	0.09090909	45.2	0.03705397	0.18400943	0.99119765	-0.014561139	152500	-0.29547593	0.0018836114	-0.0043727756	-6.505009e-05	1.4773797	0.050342802	0.956	3.0	185.08264470100403
305	0.9090909	0.27272728	1.0	0.09090909	45.2	0.026330398	0.20066935	1.0440512	-0.12226645	153000	-0.30229786	0.0018242564	0.0007188916	-0.00019612839	1.5114893	0.02538094	0.262	1.0	185.60079503059387
306	0.8347107	0.35063145	1.0	0.09090909	41.272728	0.03961763	0.19448124	1.005095	-0.028526336	153500	-0.30213615	0.0029563108	0.005765587	-0.00035488	1.5106807	0.021978278	0.286	1.0	186.1462802886963
307	0.8181818	0.36363634	1.0	0.09090909	45.2	0.07379041	0.18650004	0.97000617	-0.013484761	154000	-0.28865036	0.0041781096	0.011007428	-0.0003445032	1.4432517	0.02579502	0.704	1.0	186.79999685287476
308	1.0	0.0	1.0	1.0	50.0	0.036961365	0.16888788	0.93033767	-0.042249873	154500	-0.29015493	0.000927253	0.0019412637	-0.0006927763	1.4507748	0.06400847	0.722	2.0	187.30028533935547
309	1.0	0.0	1.0	1.0	50.0	0.05119684	0.20764975	1.127157	-0.001071468	155000	-0.3066841	0.00029953112	0.013597429	-0.00010916873	1.5334207	0.031494748	0.302	1.0	187.86913990974426
310	0.9090909	0.27272728	1.0	0.09090909	50.0	0.06733481	0.20218106	1.028858	-0.03509458	155500	-0.29942358	0.0025770506	0.0076076984	-0.0004561022	1.4971179	0.043384623	0.43	10.0	188.45132637023926
311	0.9090909	0.27272728	1.0	0.09090909	45.2	0.049266145	0.18156978	0.98792374	-0.0075933337	156000	-0.30572763	0.0017141314	-0.00093498826	-4.9837166e-05	1.5286381	0.032555442	0.296	4.0	189.01030254364014
312	1.0	0.0	1.0	1.0	50.0	0.047626413	0.19053596	1.0455234	-0.004809417	156500	-0.30804965	0.00011927899	0.00055906177	-1.4533485e-05	1.5402483	0.042314176	0.694	3.0	189.5393831729889
313	0.9090909	0.27272725	1.0	0.09090909	45.2	0.05850398	0.19171393	1.0485096	0.0036577135	157000	-0.30639145	0.0015168459	0.00079864264	8.648017e-05	1.5319573	0.017606508	0.726	3.0	190.0768141746521
314	0.8264463	0.36867285	1.0	0.0	41.272728	0.063219205	0.19748223	1.0416853	0.012561522	157500	-0.306081	0.0031289388	0.001210779	-0.00026147417	1.5304049	0.021549838	0.384	4.0	190.68185138702393
315	1.0	0.0	1.0	1.0	50.0	0.047838558	0.17958479	0.9972078	2.3275614e-05	158000	-0.30873376	0.00033916582	0.004502237	-0.00019630247	1.5436687	0.021307308	0.398	3.0	191.2145130634308
316	1.0	0.0	1.0	1.0	50.0	0.061879773	0.19582129	1.0811423	0.009595625	158500	-0.30851117	0.00014942781	-0.0014714003	-9.736978e-07	1.5425558	0.008304965	0.356	15.0	191.72954559326172
317	0.9090909	0.27272728	1.0	0.09090909	45.2	0.06400534	0.19937596	1.0860097	0.009673633	159000	-0.3077066	0.0019389819	-0.00014421344	-0.00014732592	1.538533	0.00021626019	0.0	15.0	192.30195879936218
318	0.8347107	0.35063148	1.0	0.09090909	41.272728	0.050907504	0.18711498	0.9860578	-0.019619592	159500	-0.30697346	0.0029429947	-0.0002645254	-8.879183e-05	1.5348673	-0.0009950916	0.0	15.0	192.87263131141663
319	0.9090909	0.27272728	1.0	0.09090909	50.0	0.12109645	0.28353664	0.9941858	-0.0021138787	160000	-0.28065225	0.0040687975	-0.00071159005	-0.001584352	1.4032614	0.0011564348	0.32	15.0	193.42641425132751
320	0.8181818	0.36363634	1.0	0.09090909	45.2	0.10693046	0.25552747	0.9008521	-0.00026130676	160500	-0.28406703	0.0048822747	0.0055065155	-0.002020222	1.4203349	0.006797231	0.32	15.0	194.01853847503662
321	1.0	0.0	1.0	1.0	50.0	0.041623246	0.1564937	0.8932017	-0.001597926	161000	-0.3093058	0.0017060024	0.0062422156	-0.0011936583	1.5465289	0.022500096	0.78	3.0	194.5376808643341
322	0.9090909	0.27272728	1.0	0.09090909	45.2	0.041760612	0.22288835	1.1772808	-0.09635584	161500	-0.30405593	0.0026794272	0.0014879704	-0.0008623586	1.5202796	0.026232515	0.452	2.0	195.03552985191345
323	0.8264463	0.36867285	1.0	0.0	41.272728	0.04829768	0.17813575	0.9423889	-0.022971816	162000	-0.30556828	0.0039248113	0.0034344494	-0.00010073488	1.5278413	0.03750672	0.42	1.0	195.63293480873108
324	0.9	0.29999998	1.0	0.0	50.0	0.07904874	0.1866979	0.9524305	0.0041068643	162500	-0.29554403	0.00297992	0.00093591213	-0.0006167744	1.4777201	0.032284707	0.498	2.0	196.20826601982117
325	1.0	0.0	1.0	1.0	50.0	0.047440197	0.17951418	1.039965	-0.01346416	163000	-0.3076158	0.00045908344	0.004536867	-0.00020547019	1.5380789	0.01852924	0.252	11.0	196.80429792404175
326	1.0	0.0	1.0	1.0	50.0	0.07785458	0.19544569	1.1391112	0.013036676	163500	-0.308338	0.00029514413	-6.747246e-05	-4.2508298e-05	1.5416899	0.0050868997	0.426	15.0	197.37198424339294
327	1.0	0.0	1.0	1.0	50.0	0.08060483	0.17970523	1.0540786	0.023263037	164000	-0.30502152	0.00069345033	0.0031040907	-0.00025895023	1.5251076	0.023583999	0.554	3.0	197.89974188804626
328	1.0	0.0	1.0	1.0	50.0	0.06447955	0.20792697	1.1450948	0.015021689	164500	-0.30879796	0.00045572617	0.011206865	-0.00010823351	1.5439898	0.015218563	0.56	10.0	198.43148803710938
329	1.0	0.0	1.0	1.0	50.0	0.066577375	0.17580979	1.0390055	0.01105082	165000	-0.30632308	0.0006061922	0.0029408038	-0.00023805871	1.5316154	0.021834591	0.632	2.0	198.94780039787292
330	0.7202797	0.41958043	1.0	0.09090909	35.23077	0.063666396	0.2325053	1.1530095	-0.0025754794	165500	-0.30365276	0.008504801	-0.00046530366	-0.0021565757	1.5182638	0.0021807777	0.158	15.0	199.5209014415741
331	0.8347107	0.35063148	1.0	0.09090909	41.272728	0.032534476	0.14954847	0.8126068	-0.014566079	166000	-0.30320203	0.004461484	0.002375722	-0.0014180469	1.5160102	0.020054104	0.348	3.0	200.06437015533447
332	0.9090909	0.27272728	1.0	0.09090909	45.2	0.047534235	0.19199309	1.0813522	-0.0043143183	166500	-0.3074561	0.001213181	-1.090765e-05	-3.574486e-05	1.5372804	0.00040034534	0.184	15.0	200.6342897415161
333	1.0	0.0	1.0	1.0	50.0	0.04056089	0.19181553	1.0422387	-0.004692003	167000	-0.30889222	0.00015450295	-0.00055503845	-6.5801287e-06	1.544461	0.0018839407	0.14	15.0	201.17106580734253
334	0.7132867	0.43062392	1.0	0.0	35.23077	0.053021546	0.21568896	1.091712	-0.016444892	167500	-0.30435118	0.009072636	-0.0024300516	-0.0016554887	1.5217559	0.00018243409	0.002	15.0	201.76980566978455
335	1.0	0.0	1.0	1.0	50.0	0.037708595	0.14449242	0.8204243	-0.0058828294	168000	-0.3087453	0.0027673666	-0.0005284846	-0.0024230161	1.5437264	0.0047913846	0.03	15.0	202.3148467540741
336	0.9090909	0.27272728	1.0	0.09090909	50.0	0.090918496	0.23589614	1.1587286	-0.10512186	168500	-0.30106762	0.0035555637	0.01110816	-0.0012092341	1.505338	0.027063804	0.474	1.0	202.8317677974701
337	0.9090909	0.27272728	1.0	0.09090909	45.2	0.061786287	0.17947766	0.9980503	0.008403845	169000	-0.30558178	0.0017768025	0.0014676452	-9.907922e-05	1.5279088	0.025125796	0.566	4.0	203.39990520477295
338	1.0	0.0	1.0	1.0	50.0	0.05297308	0.19191684	1.0641925	0.0052397028	169500	-0.30887327	0.00018108971	0.00020098686	-1.4680991e-06	1.5443662	0.019850945	0.708	3.0	203.91227316856384
339	0.9090909	0.27272728	1.0	0.09090909	45.2	0.06716249	0.19344823	1.0629712	0.006605819	170000	-0.30608383	0.0015629344	-0.001262635	-7.925881e-05	1.5304191	0.0041370546	0.326	15.0	204.50232791900635
340	0.74380165	0.41896835	1.0	0.0	41.272728	0.14267565	0.33317763	1.0518448	-0.024828926	170500	-0.27469784	0.009127238	0.0028894544	-0.0038676644	1.3734891	0.01960607	0.464	5.0	205.10211396217346
341	0.77272725	0.3936479	1.0	0.09090909	38.0	0.06267436	0.15661353	0.8499579	0.014933117	171000	-0.30182216	0.005287023	-0.002541691	-0.00046461634	1.5091107	0.02407668	0.316	2.0	205.62854313850403
342	1.0	0.0	1.0	1.0	50.0	0.065553434	0.17815284	1.0281987	0.01658915	171500	-0.30845362	0.00048512392	0.001975298	-0.00025916315	1.542268	0.029211124	0.35	1.0	206.14035749435425
343	0.9	0.29999998	1.0	0.0	45.2	0.07394568	0.20993315	1.1409094	-0.015502825	172000	-0.30588555	0.0024709168	0.008969724	-0.00041097053	1.5294278	0.015320843	0.352	1.0	206.68220949172974
344	1.0	0.0	1.0	1.0	50.0	0.0475749	0.17888977	1.0099764	-0.00085953623	172500	-0.30186403	0.00041159397	-0.00042292476	-0.00024689094	1.5093201	-0.00026347875	0.432	15.0	207.24636697769165
345	0.8347107	0.35063145	1.0	0.09090909	41.272728	0.06455858	0.20249704	1.0616262	-0.0015843362	173000	-0.2961083	0.003585094	-0.006682366	-0.0003678028	1.4805415	0.032114897	0.784	2.0	207.79182362556458
346	0.8347107	0.35063145	1.0	0.09090909	41.272728	0.06043155	0.17917694	0.9678756	0.0055796504	173500	-0.30637297	0.0030701743	0.004146248	-0.000112274894	1.5318649	0.023456873	0.452	2.0	208.44074940681458
347	1.0	0.0	1.0	1.0	50.0	0.053662628	0.1713984	0.97859323	0.011270374	174000	-0.30671856	0.00074973487	-0.0020890534	4.0828134e-05	1.5335928	0.018312579	0.326	4.0	208.9786205291748
348	0.8347107	0.35063148	1.0	0.09090909	41.272728	0.0880712	0.2167813	1.1750724	0.006347522	174500	-0.30605868	0.004484121	0.0019625723	-0.0008078618	1.5302932	0.020292465	0.446	3.0	209.50383377075195
349	0.9090909	0.27272728	1.0	0.09090909	45.2	0.09359149	0.16758455	0.9527197	0.034631852	175000	-0.30487406	0.002459228	-0.00053581595	-0.00044556148	1.5243703	-0.00024374103	0.164	15.0	210.13123631477356
350	0.9090909	0.27272728	1.0	0.09090909	45.2	0.09591655	0.19150041	1.0698173	0.0450905	175500	-0.30646327	0.0019742849	-0.0016712844	9.210128e-05	1.5323162	-0.0018070013	0.214	15.0	210.7203586101532
351	0.77272725	0.3936479	1.0	0.09090909	38.0	0.088451736	0.19397718	1.0360945	0.03773427	176000	-0.3051705	0.004869613	-0.001110971	-0.0003779633	1.5258526	0.00096115924	0.018	15.0	211.300696849823
352	0.8347107	0.35063148	1.0	0.09090909	41.272728	0.07643805	0.17263871	0.94873375	0.025040857	176500	-0.30694956	0.0032686251	-0.00038841367	-0.00017624092	1.5347477	0.0012709833	0.0	15.0	211.90543055534363
353	0.9090909	0.27272725	1.0	0.09090909	45.2	0.066842414	0.18393515	1.0742246	-0.0019767433	177000	-0.30797562	0.0016244998	-0.00024008751	-0.00011555175	1.5398781	0.0013531706	0.0	15.0	212.44803500175476
354	0.8347107	0.35063145	1.0	0.09090909	41.272728	0.072303504	0.1943881	1.0633277	0.012445286	177500	-0.30714867	0.0031622376	-0.00041022897	-0.00011365581	1.5357434	0.0006816225	0.0	15.0	213.01587176322937
355	1.0	0.0	1.0	1.0	50.0	0.067249924	0.17596026	1.0008401	0.006982036	178000	-0.30836266	0.001043467	0.0003376305	-0.00054696185	1.5418133	0.01710548	0.354	2.0	213.531067609787
356	0.9090909	0.27272728	1.0	0.09090909	45.2	0.06355115	0.20898135	1.1225615	0.0051388666	178500	-0.3069079	0.0020778684	-0.00043040514	-0.00023965421	1.5345395	0.017910633	0.444	6.0	214.15838408470154
357	0.9090909	0.27272728	1.0	0.09090909	45.2	0.030425811	0.18052222	0.9696639	-0.038293876	179000	-0.3077931	0.0017805747	-0.00048166513	2.1139742e-05	1.5389655	0.0010990131	0.064	15.0	214.72523546218872
358	0.6969697	0.4285496	1.0	0.09090909	38.0	0.0631371	0.21097264	1.0277258	-0.092784226	179500	-0.30586728	0.0064835106	-0.00087177753	-0.0011909162	1.5293365	0.004155386	0.184	15.0	215.35953211784363
359	0.77272725	0.3936479	1.0	0.09090909	38.0	0.048785698	0.16550636	0.8622975	-0.017319113	180000	-0.30440053	0.0043365597	-0.0016039312	-0.00029605208	1.5220027	0.017620405	0.348	3.0	215.96907758712769
360	0.7090909	0.4449905	1.0	0.0	45.2	0.12113691	0.22150505	0.9780255	-0.011898078	180500	-0.30402485	0.006573487	0.00450328	-0.0015950245	1.5201241	0.01576008	0.442	1.0	216.55786418914795
361	0.8264463	0.36867285	1.0	0.0	42.0	0.05559869	0.1667851	0.9188418	-0.012266815	181000	-0.30097505	0.0048065856	0.00023460388	-0.0005943263	1.5048753	0.031883936	0.416	3.0	217.21462488174438
362	1.0	0.0	1.0	1.0	50.0	0.05290215	0.17178375	0.9548882	-0.00035195798	181500	-0.30754304	0.00069987273	0.012398183	-0.00042703256	1.5377152	0.035106808	0.442	7.0	217.7218475341797
363	1.0	0.0	1.0	1.0	50.0	0.055679467	0.2030009	1.1846161	-0.009908818	182000	-0.3031997	0.00035583196	-0.0027240813	-0.00010622144	1.5159985	0.015331335	0.79	2.0	218.23239874839783
364	0.65584415	0.4625	1.0	0.0	34.0	0.08703697	0.21419719	1.0676094	0.014226049	182500	-0.2955954	0.013005646	-0.0025317073	-0.0037459582	1.4779772	0.018730968	0.48	7.0	218.837543964386
365	0.9	0.29999998	1.0	0.0	45.2	0.007815432	0.13739663	0.80717933	-0.08417233	183000	-0.3071079	0.0054643974	0.0004222691	-0.002973685	1.5355394	0.022009544	0.774	3.0	219.3687014579773
366	1.0	0.0	1.0	1.0	50.0	0.041654687	0.198791	1.1147394	-0.02064684	183500	-0.30811247	0.00032863085	-0.00079524517	0.0003609953	1.5405624	-0.0009467039	0.04	15.0	219.89628291130066
367	1.0	0.0	1.0	1.0	50.0	0.07529678	0.19653411	1.1144266	-0.0060379356	184000	-0.30729336	0.00036409963	0.0129107535	-0.00010448971	1.5364667	0.029226685	0.41	9.0	220.4241852760315
368	0.8347107	0.35063145	1.0	0.09090909	41.272728	0.056541473	0.20248176	1.1165538	-0.007276945	184500	-0.3024619	0.0031091266	0.0103622675	-0.00029280526	1.5123096	0.028766232	0.378	1.0	220.92131781578064
369	0.8181818	0.38569462	1.0	0.0	42.18182	0.06322963	0.1775806	0.97381747	-0.0042294487	185000	-0.2891763	0.0036507961	-0.0060768723	-0.00043672463	1.4458814	0.03470832	0.606	3.0	221.50474214553833
370	0.8347107	0.35063145	1.0	0.09090909	41.272728	0.06482511	0.18420768	0.99398446	-0.009640276	185500	-0.30169022	0.0030134672	-0.0005283356	-8.200528e-05	1.5084511	0.016953086	0.318	1.0	222.08520674705505
371	0.9090909	0.27272728	1.0	0.09090909	45.2	0.042426024	0.19333108	1.0627681	-0.020294368	186000	-0.304809	0.0014935171	0.0058297813	-1.3977871e-05	1.524045	0.01644943	0.714	1.0	222.61728715896606
372	1.0	0.0	1.0	1.0	50.0	0.04010346	0.18125536	1.0493935	-0.02737002	186500	-0.30171725	0.0005657368	-0.0016275644	-0.00023737151	1.5085862	0.022474846	0.34	3.0	223.13921928405762
373	0.9090909	0.27272728	1.0	0.09090909	45.2	0.042815756	0.20883645	1.1408544	-0.021433592	187000	-0.30753675	0.0018110971	0.0056065023	-0.0003058156	1.5376837	0.036459498	0.408	1.0	223.65002036094666
374	0.9090909	0.27272725	1.0	0.09090909	45.2	0.047994126	0.18719976	1.0449948	-0.008307621	187500	-0.30716273	0.0017980572	0.0029675364	-0.00010431523	1.5358137	0.034501746	0.382	5.0	224.19642972946167
375	0.8347107	0.35063145	1.0	0.09090909	41.272728	0.045492478	0.19130582	1.0156593	-0.0033691078	188000	-0.30520806	0.0026857476	-0.00067156553	-5.6913123e-05	1.5260403	0.024930455	0.534	4.0	224.75908017158508
376	0.8347107	0.35063145	1.0	0.09090909	41.272728	0.043601617	0.17904267	0.9907028	-0.004090145	188500	-0.30611292	0.003112991	-0.0002464354	-0.0001774421	1.5305645	0.017562218	0.554	5.0	225.34724044799805
377	0.66883117	0.44484076	1.0	0.0	32.857143	0.053420585	0.20808068	1.0743243	-0.0032335892	189000	-0.30240202	0.007053293	-0.0017169416	-0.0009830082	1.5120101	-0.0015808895	0.212	15.0	225.97061347961426
378	0.9090909	0.27272725	1.0	0.09090909	50.0	0.044326548	0.15430193	0.83659166	-0.0065537393	189500	-0.30295205	0.0034265234	-0.0026391447	-0.0006760149	1.5147604	0.013992716	0.398	15.0	226.484792470932
379	0.9090909	0.27272725	1.0	0.09090909	45.2	0.039398544	0.17725241	1.0019742	-0.013490178	190000	-0.30674186	0.0016823341	-0.00071263313	0.0012328357	1.5337093	0.0025593392	0.0	15.0	227.07079553604126
380	0.9090909	0.27272728	1.0	0.09090909	45.2	0.12374888	0.1796906	1.0581204	0.06720635	190500	-0.30717978	0.0022333777	0.00031253695	0.0009002839	1.5358988	0.0038114232	0.404	15.0	227.64386415481567
381	0.8347107	0.35063145	1.0	0.09090909	41.272728	0.12692107	0.18563466	1.0484792	0.03974181	191000	-0.30265537	0.0040738243	-0.00044232607	-6.98464e-05	1.5132768	0.025455022	0.448	3.0	228.17960000038147
382	1.0	0.0	1.0	1.0	50.0	0.10641501	0.17333983	1.0167291	0.03497637	191500	-0.30926654	0.0007210698	0.0054810345	-0.0003587736	1.5463327	0.020480007	0.47	11.0	228.70121693611145
383	1.0	0.0	1.0	1.0	50.0	0.095618	0.20153388	1.1309636	0.04693294	192000	-0.30637088	0.00038700073	-0.0057100654	-0.00016022893	1.5318549	0.0014805346	0.162	15.0	229.22842836380005
384	0.9090909	0.27272728	1.0	0.09090909	45.2	0.08030238	0.18944512	1.0508863	-0.0059252083	192500	-0.30445898	0.0016522325	0.0001975596	-1.1039199e-05	1.5222949	0.020033183	0.426	2.0	229.74142146110535
385	1.0	0.0	1.0	1.0	50.0	0.08414709	0.18338227	1.0397433	0.03254224	193000	-0.30899674	0.00035080523	0.0026085973	-0.00010863884	1.5449836	0.008148764	0.346	15.0	230.35056328773499
386	0.53977275	0.46071804	1.0	0.0	29.0	0.118808396	0.2318834	1.0976651	0.020742312	193500	-0.2822406	0.015785865	-0.0074100494	-0.0047087567	1.4112031	0.012167655	0.372	15.0	230.96728682518005
387	0.9090909	0.27272728	1.0	0.09090909	45.2	0.05637726	0.12438093	0.7117302	0.021348543	194000	-0.30889454	0.0061022188	0.00041812658	-0.0040239105	1.5444727	0.018136868	0.594	10.0	231.54544639587402
388	1.0	0.0	1.0	1.0	50.0	0.07285149	0.18820108	1.0705231	0.014106937	194500	-0.3090816	0.00037227554	-0.00096189976	-5.8471924e-06	1.545408	-0.0013932445	0.0	15.0	232.09132051467896
389	0.8264463	0.36867285	1.0	0.0	41.272728	0.058335904	0.21353258	1.1570709	0.0015569702	195000	-0.3087178	0.004662289	0.009511173	-0.0008548596	1.5435891	0.029823458	0.412	1.0	232.64824748039246
390	0.7132867	0.43062392	1.0	0.0	35.23077	0.056799706	0.18238321	0.95039696	-0.0056646094	195500	-0.29944715	0.0062660645	0.011490017	-0.00024086097	1.4972358	0.028607382	0.556	1.0	233.28273606300354
391	0.8347107	0.35063145	1.0	0.09090909	41.272728	0.05066405	0.16380619	0.8799709	0.00909093	196000	-0.28661984	0.003222974	-0.008013964	-0.0005881274	1.4330992	0.028032424	0.846	3.0	233.80574488639832
392	0.8264463	0.36867285	1.0	0.0	41.272728	0.06795978	0.19367519	1.0910444	0.008491039	196500	-0.3012982	0.0043719034	-0.0033420622	-0.00025367737	1.5064908	0.01798568	0.416	3.0	234.39981627464294
393	0.9090909	0.27272728	1.0	0.09090909	45.2	0.042822953	0.17644626	0.98387396	-0.0040951	197000	-0.30258092	0.0019898056	-0.0047228932	-0.00020159467	1.5129046	0.017011208	0.272	2.0	234.9784345626831
394	0.8264463	0.36867285	1.0	0.0	41.272728	0.05215864	0.20079297	1.0927494	-0.030228145	197500	-0.30594775	0.004856238	-0.004415989	-0.00047006086	1.529739	0.015211865	0.618	1.0	235.5809030532837
395	0.8264463	0.36867285	1.0	0.0	41.272728	0.04934743	0.18099041	0.9419802	-0.0045983195	198000	-0.3074946	0.005502689	0.0065491796	-0.00018112548	1.537473	0.031943385	0.954	2.0	236.17610812187195
396	0.9090909	0.27272728	1.0	0.09090909	45.2	0.04273783	0.17081349	0.94600284	-0.017212652	198500	-0.30107233	0.0019786304	-0.00043347478	-0.0003851282	1.5053616	0.024380453	0.958	5.0	236.74950337409973
397	0.6363636	0.44536176	1.0	0.09090909	45.2	0.2407017	0.393075	1.0499153	-0.05989945	199000	-0.24891502	0.014332628	-0.0034283996	-0.0065212697	1.2445749	-0.0048977663	0.308	15.0	237.3736183643341
398	0.9	0.29999998	1.0	0.0	46.9	0.050996743	0.18081531	0.91130126	-0.021692	199500	-0.29998812	0.0080186315	-0.002667904	-0.0026675314	1.4999404	0.005998477	0.184	15.0	237.96186923980713
399	0.77272725	0.3936479	1.0	0.09090909	38.0	0.05171617	0.16774714	0.8506676	-0.0040979236	200000	-0.30687365	0.00533607	0.00032949448	-0.0003005704	1.5343682	0.031671267	0.562	2.0	238.54684710502625
400	0.9	0.29999998	1.0	0.0	50.0	0.08506915	0.1897496	0.97357935	-0.005787365	200500	-0.28362757	0.0028708451	-0.001443088	-0.0007979255	1.4181378	0.025861066	0.578	2.0	239.13194489479065
401	0.8264463	0.36867285	1.0	0.0	42.363636	0.048462365	0.17983806	1.0039221	-0.072816215	201000	-0.29950187	0.0037313246	-0.0011946857	0.00033874088	1.4975092	0.016341368	0.548	3.0	239.69949078559875
402	0.74380165	0.41896835	1.0	0.0	41.272728	0.15732974	0.29651436	1.0061969	-0.08632762	201500	-0.28161916	0.00973477	-0.013969064	-0.0029691649	1.4080957	0.023016948	0.462	12.0	240.3545205593109
403	1.0	0.0	1.0	1.0	50.0	0.055107903	0.15040287	0.88745826	-0.035038	202000	-0.3072512	0.0023729808	0.0031624436	-0.0017851958	1.5362558	0.022175515	0.552	6.0	240.90579867362976
404	0.7090909	0.4449905	1.0	0.0	50.0	0.15231338	0.24248868	1.1773229	0.010285407	202500	-0.29600647	0.010893814	0.0121640265	-0.003610183	1.4800323	0.016840514	0.666	1.0	241.43129968643188
405	0.9090909	0.27272728	1.0	0.09090909	50.0	0.072651535	0.16416588	0.8097334	0.011443511	203000	-0.2993777	0.0035766053	-0.0019410253	0.0001698886	1.4968885	0.016435258	0.632	3.0	241.97754907608032
406	0.661157	0.44887522	1.0	0.0	41.272728	0.124276884	0.189711	0.8404923	0.020940296	203500	-0.29796618	0.007201349	0.01220575	-0.001022127	1.4898309	0.035491943	0.556	1.0	242.4973065853119
407	0.9090909	0.27272728	1.0	0.09090909	45.2	0.048248712	0.14404024	0.8078089	0.00793203	204000	-0.30601862	0.0038603272	0.0059265196	-0.0020530596	1.530093	0.030325826	0.326	1.0	243.09922194480896
408	0.77272725	0.3936479	1.0	0.09090909	38.0	0.09552455	0.22947471	1.1315056	-0.0050627664	204500	-0.3047417	0.0075651584	0.006723702	-0.0018196502	1.5237085	0.01837222	0.518	3.0	243.65003633499146
409	0.8181818	0.36363637	1.0	0.09090909	45.2	0.06300681	0.16814765	0.88757163	0.00080477446	205000	-0.3027663	0.003666555	-0.0034578443	-0.00027851248	1.5138314	0.017157866	0.826	4.0	244.41234946250916
410	0.9	0.29999998	1.0	0.0	45.6	0.046451684	0.16501574	0.88189226	-0.00391642	205500	-0.30652288	0.0027792468	-0.0009610057	-0.000529306	1.5326144	-0.0008786602	0.178	15.0	245.0985770225525
411	0.8264463	0.36867285	1.0	0.0	41.272728	0.05619758	0.1969265	1.0819875	-0.00766962	206000	-0.3073492	0.0034379268	-0.00044295192	-0.0001551127	1.536746	-0.0022735973	0.0	15.0	245.69307804107666
412	0.9	0.29999998	1.0	0.0	45.2	0.030629845	0.19525577	1.03909	-0.16060083	206500	-0.30756536	0.0030834733	0.0010546446	-0.00034110667	1.5378268	0.027086167	0.958	2.0	246.23041582107544
413	1.0	0.0	1.0	1.0	50.0	0.036614623	0.1811213	0.9787827	-0.008774884	207000	-0.30788776	0.0003385938	0.002807647	-0.00018512536	1.539439	0.015616503	0.96	7.0	246.77100658416748
414	0.8347107	0.35063145	1.0	0.09090909	41.272728	0.042472597	0.20362966	1.0792317	-0.016417027	207500	-0.3074607	0.0029922607	-0.00352633	-0.000271169	1.5373034	-0.0011631089	0.002	15.0	247.3412709236145
415	0.74380165	0.41896835	1.0	0.0	41.272728	0.08282153	0.20771107	1.0023437	-0.02056063	208000	-0.30567738	0.0055256016	-0.0006765723	-0.000669952	1.5283868	0.0033707223	0.168	15.0	247.91548418998718
416	0.5867768	0.45266327	1.0	0.09090909	41.272728	0.2058179	0.311854	0.93424976	-0.0061358735	208500	-0.2588788	0.011333475	-0.0038300753	-0.00421586	1.2943941	0.017052649	0.398	10.0	248.5415437221527
417	0.9090909	0.27272728	1.0	0.09090909	50.0	0.062941514	0.12670392	0.7558581	0.0047060624	209000	-0.30679324	0.005083777	-0.0043108165	-0.0022722613	1.5339662	0.035430226	0.948	3.0	249.0843529701233
418	1.0	0.0	1.0	1.0	50.0	0.05225	0.17687748	0.9778218	-0.0010012612	209500	-0.3089782	0.00052778976	-0.00050601363	-0.00026627613	1.5448908	0.005897191	0.398	15.0	249.61123418807983
419	0.8264463	0.36867285	1.0	0.0	41.272728	0.041631613	0.2173326	1.2145346	-0.07097515	210000	-0.30652696	0.0038559309	-0.0015262961	-0.0007851834	1.5326347	-0.0021454273	0.012	15.0	250.25634670257568
420	0.6969697	0.4285496	1.0	0.09090909	38.0	0.06310657	0.17930262	0.9539938	-0.010181457	210500	-0.30354163	0.0058075953	-0.0026314259	-0.00034641474	1.5177083	0.0021756089	0.37	15.0	250.8694040775299
421	0.9090909	0.27272728	1.0	0.09090909	45.2	0.045017812	0.16364206	0.9478983	-0.07133066	211000	-0.30853185	0.0021079627	-0.0010283291	-0.0008315289	1.5426593	0.0025125623	0.154	15.0	251.44354033470154
422	0.66942143	0.43731424	1.0	0.09090909	41.272728	0.21402322	0.36248654	1.0767747	-0.0059405267	211500	-0.25408593	0.011907471	0.0036923885	-0.0052987016	1.2704295	0.01806268	0.512	8.0	252.05638575553894
423	0.9090909	0.27272728	1.0	0.09090909	50.0	0.10879782	0.26448023	0.9015196	-0.048409022	212000	-0.27921835	0.005194046	-0.003245324	-0.0010754988	1.3960917	0.015603726	0.542	5.0	252.62925004959106
424	1.0	0.0	1.0	1.0	50.0	0.0516934	0.13825451	0.78054667	0.013995491	212500	-0.3089603	0.003362631	0.0031653345	-0.0030658091	1.5448015	0.016301205	0.606	2.0	253.1720142364502
425	0.9090909	0.27272728	1.0	0.09090909	45.2	0.050657123	0.19679216	1.0797914	-0.0014868677	213000	-0.30699867	0.0014565547	-0.0020503104	-4.9650203e-05	1.5349933	0.0026375803	0.422	15.0	253.79319643974304
426	0.9090909	0.27272728	1.0	0.09090909	45.2	0.053833786	0.19556503	1.0775769	-0.00434386	213500	-0.30814806	0.0019625681	-0.0012049377	-4.3264357e-05	1.5407403	-0.0002964139	0.0	15.0	254.35339641571045
427	0.9090909	0.27272728	1.0	0.09090909	50.0	0.07031899	0.19151732	1.0166342	-0.0028288737	214000	-0.30298063	0.002404504	0.00032764673	-0.00029216614	1.5149032	0.02126675	0.57	2.0	254.89305210113525
428	0.8347107	0.35063145	1.0	0.09090909	41.272728	0.03632599	0.18606034	0.98649156	-0.033542216	214500	-0.30444014	0.0027319333	-0.0038506389	-7.941248e-05	1.5222007	0.022231717	0.384	3.0	255.40028595924377
429	1.0	0.0	1.0	1.0	50.0	0.047528498	0.18105043	1.0178697	-0.003724642	215000	-0.30962536	0.00053092296	-0.0046212673	-0.00021463039	1.5481269	0.013557422	0.306	15.0	255.9427466392517
430	0.9090909	0.27272725	1.0	0.09090909	45.2	0.04048684	0.20580763	1.088562	-0.0082268715	215500	-0.3080235	0.0018826143	-0.0012668669	-0.00023486756	1.5401175	0.002569814	0.212	15.0	256.509352684021
431	1.0	0.0	1.0	1.0	50.0	0.04429069	0.18290581	0.9867618	-0.0028813705	216000	-0.30945128	0.0002938563	-0.0009303093	-0.00017536645	1.5472564	0.0035317505	0.098	15.0	257.05021953582764
432	0.6363636	0.46079618	1.0	0.0	35.23077	0.090867646	0.22343534	1.0575389	-0.007078454	216500	-0.30188438	0.009621293	-0.0046064556	-0.0019425778	1.509422	0.0015355789	0.174	15.0	257.66650128364563
433	0.7651515	0.4073335	1.0	0.0	38.0	0.059030794	0.16318622	0.84794044	-0.042641528	217000	-0.30526206	0.0059195682	-0.001511097	-0.00032898644	1.5263103	0.015483911	0.556	3.0	258.27210211753845
434	0.9090909	0.27272728	1.0	0.09090909	45.2	0.06267523	0.16902356	0.9353606	0.01696159	217500	-0.3077747	0.002408419	-0.00035825372	-0.0004189785	1.5388734	0.0011591809	0.0	15.0	258.8323938846588
435	1.0	0.0	1.0	1.0	50.0	0.067272305	0.18405724	1.0817386	-0.003285423	218000	-0.30803832	0.00034844517	0.0072307587	-0.00012497343	1.5401915	0.019933388	0.51	5.0	259.5127685070038
436	0.8181818	0.36363634	1.0	0.09090909	45.2	0.09540628	0.22968292	1.145439	0.0033164397	218500	-0.3063264	0.005316121	0.01072824	-0.0016005842	1.5316318	0.023439445	0.354	4.0	260.02820658683777
437	1.0	0.0	1.0	1.0	50.0	0.060165726	0.16755265	0.95207655	0.007977828	219000	-0.3050998	0.0009588669	0.0017416477	-0.0005837382	1.5254989	0.03739982	0.576	4.0	260.5589871406555
438	1.0	0.0	1.0	1.0	50.0	0.057100248	0.20408203	1.1257968	0.011752054	219500	-0.30954936	0.0002578589	0.011067331	-0.00011032734	1.5477468	0.019806305	0.714	1.0	261.0631294250488
439	0.8347107	0.35063145	1.0	0.09090909	41.272728	0.05543622	0.20206021	1.0601643	0.006635025	220000	-0.30216682	0.0030959037	-0.0036670268	-0.00026139896	1.5108341	0.021557095	0.772	3.0	261.5942437648773
440	1.0	0.0	1.0	1.0	50.0	0.048645303	0.16982234	0.9514105	-0.0012465045	220500	-0.30924597	0.0007989012	0.003171295	-0.0005953471	1.5462298	0.011795011	0.386	15.0	262.14957332611084
441	1.0	0.0	1.0	1.0	50.0	0.049383346	0.20010282	1.1056278	-0.0033071116	221000	-0.30926523	0.00016989396	-0.0039140284	-3.7033766e-05	1.5463262	0.0010242496	0.182	15.0	262.68507862091064
442	0.8264463	0.36867285	1.0	0.0	41.272728	0.053420436	0.2068601	1.078126	-0.0041739494	221500	-0.30625388	0.0063803564	-0.00043851137	-0.00082373153	1.5312694	0.016124247	0.292	2.0	263.23719358444214
443	0.6818182	0.45074168	1.0	0.0	38.0	0.08324335	0.20248434	0.88582015	-0.0042333677	222000	-0.30403465	0.0061945054	0.0002680421	-0.0005534743	1.5201731	0.019315427	0.396	14.0	263.89058542251587
444	0.8264463	0.36867285	1.0	0.0	41.272728	0.053046733	0.1558607	0.84043276	-0.0011070371	222500	-0.30612922	0.004436451	-0.0019392371	-0.0009171434	1.5306461	-0.0005538399	0.212	15.0	264.67997336387634
445	1.0	0.0	1.0	1.0	50.0	0.040778387	0.18548277	1.0055865	-0.0107864365	223000	-0.3097338	0.00021245467	-0.00027686357	-6.162496e-05	1.548669	0.0017952389	0.0	15.0	265.1982972621918
446	0.9090909	0.27272728	1.0	0.09090909	45.2	0.04955817	0.19725952	1.0781685	-0.0040952414	223500	-0.30793932	0.0017724464	-0.00040480494	-9.116996e-05	1.5396966	-0.0026203422	0.342	15.0	265.77510237693787
447	1.0	0.0	1.0	1.0	50.0	0.03786973	0.18732056	1.0293696	-0.027594216	224000	-0.30929798	0.00023962159	-0.00087207556	-7.687065e-05	1.54649	0.00036112117	0.0	15.0	266.29746890068054
448	0.8347107	0.35063145	1.0	0.09090909	41.272728	0.044424165	0.21446379	1.0920295	-0.07934975	224500	-0.30731678	0.003628418	-0.002090007	-0.0006913424	1.5365839	0.002430661	0.0	15.0	266.892991065979
449	0.6923077	0.4615385	1.0	0.0	35.23077	0.05395424	0.19054456	0.9023125	-0.008265026	225000	-0.30801407	0.010802465	0.005713016	-0.00073147845	1.5400703	0.037970956	0.6	1.0	267.5384089946747
450	1.0	0.0	1.0	1.0	50.0	0.037319075	0.13876115	0.79226106	-0.009681217	225500	-0.3007485	0.0033171275	0.02059412	-0.0031115022	1.5037425	0.027234552	0.664	1.0	268.1513695716858
451	1.0	0.0	1.0	1.0	50.0	0.042166244	0.2045592	1.0787243	-0.05551152	226000	-0.28283006	0.00017750799	5.3226948e-05	-8.770424e-05	1.4141502	0.028417183	0.778	3.0	268.6610908508301
452	1.0	0.0	1.0	1.0	50.0	0.03724975	0.1921685	1.0574497	-0.019636132	226500	-0.30123645	0.00011013395	-0.0040723085	-8.0269165e-06	1.5061822	0.016148781	0.442	1.0	269.2058069705963
453	0.9	0.29999998	1.0	0.0	50.0	0.08312703	0.23305282	1.0513653	-0.008050345	227000	-0.28324848	0.0024831942	-0.0035620332	-0.0007072581	1.4162424	0.005661064	0.498	15.0	269.73618960380554
454	0.67424244	0.46125105	1.0	0.0	38.0	0.0838885	0.2123879	0.93783015	-0.007839747	227500	-0.29578993	0.0071872757	-0.004134655	-0.0009261393	1.4789497	0.00038822912	0.322	15.0	270.345858335495
455	0.9090909	0.27272728	1.0	0.09090909	45.2	0.02677428	0.15656692	0.8113872	-0.022708446	228000	-0.3064212	0.002883292	-0.002609551	-0.0011234377	1.5321059	-0.0033208723	0.328	15.0	270.9319453239441
456	0.9090909	0.27272728	1.0	0.09090909	45.2	0.033496123	0.20495753	1.0997871	-0.055073254	228500	-0.30770403	0.0015857609	-0.000202775	-0.00019132928	1.5385201	-0.0039873095	0.0	15.0	271.5077064037323
457	0.9090909	0.27272728	1.0	0.09090909	50.0	0.13504383	0.32285306	0.9999872	0.00072157383	229000	-0.27906585	0.0054319697	0.0091174245	-0.0025240153	1.3953294	0.031948794	0.71	4.0	272.05583214759827
458	0.9	0.29999998	1.0	0.0	45.2	0.04650737	0.15860464	0.84652865	-0.010239258	229500	-0.3071378	0.0025645457	0.000116318464	-0.00074229296	1.535689	0.026626771	0.958	4.0	272.59981536865234
459	0.9	0.29999998	1.0	0.0	50.0	0.08977471	0.20556708	1.0811803	0.0077959597	230000	-0.28293633	0.0020512063	0.012206703	-0.0004920383	1.4146817	0.015968934	0.288	1.0	273.1359679698944
460	0.8347107	0.35063148	1.0	0.09090909	41.272728	0.054448828	0.1918446	1.0014632	-0.04520578	230500	-0.30403286	0.0028085953	-0.0025918782	-4.38625e-05	1.5201643	0.018981392	0.744	3.0	273.70125460624695
461	1.0	0.0	1.0	1.0	50.0	0.048032798	0.18099424	1.0155277	-0.0036728084	231000	-0.3092948	0.00028755487	0.00025993586	-0.00017812786	1.5464741	0.012254635	0.326	15.0	274.22932839393616
462	0.8347107	0.35063145	1.0	0.09090909	41.272728	0.05208998	0.2062751	1.0644186	-0.0018415228	231500	-0.30676267	0.003185874	-0.000844419	-0.00038913102	1.5338132	-0.0011823907	0.0	15.0	274.79980087280273
463	0.68939394	0.43985087	1.0	0.0	38.0	0.05649639	0.18892999	0.93769616	-0.04044141	232000	-0.30358347	0.00664461	-0.0030459166	-0.0004396839	1.5179174	0.0038876524	0.538	15.0	275.4030439853668
464	0.9090909	0.27272728	1.0	0.09090909	50.0	0.05609282	0.15401044	0.8349444	-0.013988949	232500	-0.30358705	0.0027474533	0.0014293194	-0.0010867155	1.5179353	0.017169269	0.432	1.0	275.9078097343445
465	1.0	0.0	1.0	1.0	50.0	0.0385156	0.17706579	1.0057521	-0.021208018	233000	-0.3091023	0.00046851498	0.0040857494	-0.00027102733	1.5455115	0.018944327	0.622	2.0	276.4064311981201
466	0.9	0.29999998	1.0	0.0	45.2	0.059681762	0.20721824	1.1205201	-0.0012870654	233500	-0.30485192	0.0052438625	0.008964479	-0.0006097257	1.5242591	0.030036548	0.96	1.0	276.96346712112427
467	0.9090909	0.27272728	1.0	0.09090909	45.2	0.05463346	0.1712021	0.9368695	-0.041955657	234000	-0.29500234	0.0022190986	0.00043398142	-0.00039011124	1.4750117	0.020218419	0.56	2.0	277.52797412872314
468	0.68939394	0.43985084	1.0	0.0	38.0	0.09524725	0.20752415	1.032676	0.010233454	234500	-0.28152648	0.0075332955	-0.0027656555	-0.0012852354	1.4076324	0.01947886	0.644	1.0	278.08985662460327
469	0.9090909	0.27272728	1.0	0.09090909	45.2	0.07127385	0.15825461	0.8567882	0.02058132	235000	-0.30172613	0.0027993503	-0.0007946193	-0.0009225621	1.5086306	0.022539288	0.956	1.0	278.64304423332214
470	1.0	0.0	1.0	1.0	50.0	0.061266907	0.1910095	1.0451972	0.0155769065	235500	-0.30915347	0.00013158207	0.007726997	1.13841525e-05	1.5457672	0.019973902	0.96	1.0	279.2096219062805
471	0.8347107	0.35063145	1.0	0.09090909	41.272728	0.057204384	0.21099111	1.0796027	0.0048036426	236000	-0.30523628	0.003465548	0.0057996213	-0.0005744749	1.5261813	0.019434594	0.548	7.0	279.7911264896393
472	0.7272727	0.4165978	1.0	0.09090909	45.2	0.10663777	0.19282281	0.9276386	0.013130143	236500	-0.30125305	0.0055209263	0.011272728	-0.0008525448	1.5062653	0.025297143	0.914	3.0	280.41484785079956
473	0.8181818	0.36363634	1.0	0.09090909	45.2	0.061202776	0.16274889	0.827252	0.009912677	237000	-0.30309412	0.0039300616	-0.0028237998	-0.0008374052	1.5154706	0.02296462	0.306	3.0	280.98671674728394
474	0.9090909	0.27272728	1.0	0.09090909	45.2	0.046488214	0.17362857	0.92105293	-0.024556488	237500	-0.3060712	0.0016140555	0.004696518	-0.00030622573	1.5303559	0.028689	0.9	2.0	281.50074195861816
475	0.7355372	0.43244547	1.0	0.0	41.272728	0.0660295	0.2060286	1.0449406	-0.01102522	238000	-0.27901638	0.0073132142	0.00388363	-0.001038318	1.3950819	0.022025123	0.442	2.0	282.0919120311737
476	1.0	0.0	1.0	1.0	50.0	0.04124487	0.15786706	0.8452286	-0.005254157	238500	-0.3063856	0.0014797467	0.006549895	-0.0012647146	1.5319278	0.022590907	0.468	7.0	282.62161135673523
477	0.9	0.29999998	1.0	0.0	50.0	0.10221608	0.2431466	1.1362231	-0.007360503	239000	-0.29440463	0.0034844237	0.0016577542	-0.001347329	1.4720228	0.019229347	0.914	2.0	283.10235023498535
478	0.8181818	0.36363634	1.0	0.09090909	45.2	0.050704062	0.18076283	0.9317645	-0.021149375	239500	-0.30457982	0.0031397287	-0.0017386973	-0.00020770729	1.5228992	0.020829188	0.392	1.0	283.67912673950195
479	0.8264463	0.36867285	1.0	0.0	41.272728	0.036241706	0.18171233	0.96526927	-0.014773272	240000	-0.30534527	0.0034200628	-0.0014930964	-2.7877279e-05	1.5267262	0.019728694	0.396	5.0	284.2777781486511
480	1.0	0.0	1.0	1.0	50.0	0.027150074	0.17951801	0.9842781	-0.07625392	240500	-0.30904233	0.0004788756	-0.0012842119	-0.00027644268	1.5452118	0.006759275	0.13	15.0	284.80834579467773
481	0.8347107	0.35063148	1.0	0.09090909	41.272728	0.036764015	0.21810338	1.1245651	-0.062175356	241000	-0.30651543	0.003880172	-0.00041815639	-0.00084495405	1.5325772	-0.00025248955	0.0	15.0	285.38690185546875
482	0.8347107	0.35063145	1.0	0.09090909	41.272728	0.04017862	0.1702311	0.8769486	0.0005132854	241500	-0.30627635	0.0030906931	0.00063589215	-0.00039665354	1.5313818	0.017535465	0.458	3.0	285.93561005592346
483	0.8347107	0.35063145	1.0	0.09090909	41.272728	0.07960741	0.22370791	1.0329248	-0.05668187	242000	-0.28788018	0.0045828926	-0.0027247965	-0.0005409466	1.4394007	0.017385673	0.376	3.0	286.49714612960815
484	0.77272725	0.3936479	1.0	0.09090909	38.0	0.045069292	0.17844708	0.9094591	0.0018208921	242500	-0.30511346	0.0043222015	-0.0011768043	-8.856738e-05	1.5255673	0.0039825314	0.138	15.0	287.08259773254395
485	0.7132867	0.43062392	1.0	0.0	35.23077	0.038835835	0.18703683	0.91572374	-0.010361068	243000	-0.3049006	0.0062484043	-0.0015546381	-0.00013542688	1.5245029	0.008291194	0.318	15.0	287.74397468566895
486	1.0	0.0	1.0	1.0	50.0	0.027001847	0.16220455	0.8849335	-0.04309757	243500	-0.30852386	0.0013077592	0.005369574	-0.0010403905	1.5426192	0.02119091	0.77	8.0	288.28049063682556
487	0.8347107	0.35063148	1.0	0.09090909	41.272728	0.04250339	0.2094924	1.0879338	-0.016126245	244000	-0.3055151	0.0031756079	0.00010997057	-0.0004356834	1.5275755	0.021160973	0.668	4.0	288.81341195106506
488	0.9090909	0.27272728	1.0	0.09090909	45.2	0.03399118	0.18207243	0.9356423	-0.027022712	244500	-0.3074066	0.0016172611	0.0008225143	-9.15284e-05	1.537033	0.018586492	0.682	6.0	289.36336398124695
489	0.9090909	0.27272728	1.0	0.09090909	45.2	0.041691475	0.18869482	0.9964647	-0.004878953	245000	-0.30695474	0.0012567445	-0.00056010485	-2.0018546e-05	1.5347737	0.015492663	0.956	5.0	289.9157705307007
490	0.8181818	0.36363634	1.0	0.09090909	45.2	0.22434665	0.40290532	1.0404536	-0.006671235	245500	-0.2511756	0.01153693	-0.01655057	-0.0059122746	1.2558783	0.014584161	0.488	15.0	290.55142188072205
491	0.661157	0.44887522	1.0	0.0	41.272728	0.07086487	0.17917229	0.8946336	-0.008778103	246000	-0.28078717	0.0068849484	-0.006482154	-0.0002424512	1.4039358	0.034148637	0.412	1.0	291.063259601593
492	0.9090909	0.27272728	1.0	0.09090909	50.0	0.047633603	0.1509742	0.809584	-0.0025202185	246500	-0.29421467	0.0039021277	0.012227863	-0.0010838616	1.4710733	0.05952691	0.944	1.0	291.5766930580139
493	0.8181818	0.36363637	1.0	0.09090909	45.2	0.123571396	0.30671892	0.9587695	0.00026557595	247000	-0.25556466	0.0060742325	0.023776457	-0.0020297454	1.2778234	0.06775757	0.868	3.0	292.1547312736511
494	0.7355372	0.43244547	1.0	0.0	41.545456	0.03865062	0.16618611	0.8672024	-0.14014435	247500	-0.28141162	0.00548298	-0.0030552745	-0.00035384577	1.407058	0.01820904	0.072	8.0	292.87174582481384
495	1.0	0.0	1.0	1.0	50.0	0.04554679	0.156501	0.88500196	-0.02176629	248000	-0.29047945	0.0016752591	-0.0049604475	-0.0013173472	1.4523972	0.019624203	0.908	2.0	293.3790752887726
496	0.9090909	0.27272728	1.0	0.09090909	45.2	0.05159268	0.21194889	1.1445198	-0.03260807	248500	-0.30157587	0.0016072976	0.0009313524	0.001832174	1.5078791	0.015263854	0.298	1.0	293.9094169139862
497	0.7651515	0.40733346	1.0	0.0	38.25	0.046270296	0.18669462	0.91970277	-0.00027733296	249000	-0.3011681	0.0053903745	0.0047655106	0.00017590029	1.5058405	0.015373676	0.952	1.0	294.50302815437317
498	1.0	0.0	1.0	1.0	50.0	0.044466093	0.15543708	0.8619357	-0.021642603	249500	-0.3017089	0.0017993789	0.003757149	-0.0015680058	1.5085444	0.015333014	0.386	1.0	295.0696020126343
499	0.9090909	0.27272728	1.0	0.09090909	50.0	0.10103876	0.22047354	1.1292895	0.0077384636	250000	-0.29456857	0.003256762	-0.0008084178	-0.0008489662	1.4728432	0.018768929	0.93	2.0	295.5854158401489
