Epoch	AverageEpRet	StdEpRet	MaxEpRet	MinEpRet	EpLen	AverageVVals	StdVVals	MaxVVals	MinVVals	TotalEnvInteracts	LossPi	LossV	DeltaLossPi	DeltaLossV	Entropy	KL	ClipFrac	StopIter	Time
0	0.009598604	0.07662008	0.6666667	0.0	2.6125655	0.07886726	0.00044428263	0.079619065	0.07698592	500	-0.3216479	0.00956798	-0.008772463	-0.0050840587	1.6082397	0.015677886	0.802	7.0	7.520318269729614
1	0.026515152	0.12618053	0.8333333	0.0	3.7878788	-0.0042022583	0.00050758716	-0.002344139	-0.005562991	1000	-0.3197502	0.01043396	-0.0067601204	-0.00056697614	1.5987508	0.0054863486	0.206	15.0	12.939110040664673
2	0.035440616	0.15351988	1.0	0.0	2.8678162	0.013870286	0.0007102649	0.017202757	0.012794696	1500	-0.31742525	0.039488535	-0.0034231246	-0.0012235194	1.587126	0.006915571	0.178	15.0	19.59523320198059
3	0.032326005	0.13670383	0.8	0.0	2.7362638	0.0527023	0.00070193165	0.054880135	0.05128157	2000	-0.313909	0.014504758	-0.00945878	-0.0007856786	1.5695449	0.0036696808	0.182	15.0	25.379552602767944
4	0.029914532	0.1418327	1.0	0.0	3.1858974	0.033478312	0.00052462256	0.03576475	0.03218866	2500	-0.30966505	0.019782932	-0.002737403	-5.269237e-05	1.5483252	0.0026303714	0.122	15.0	31.252947092056274
5	0.032015067	0.14254266	1.0	0.0	2.8135593	0.026118487	0.00084413495	0.028461084	0.02415488	3000	-0.30483228	0.02483673	-0.0016684234	-6.771088e-05	1.5241613	0.0008871989	0.0	15.0	37.363346338272095
6	0.046464648	0.15416537	0.6666667	0.0	3.0242424	0.031171214	0.0008685474	0.03400641	0.029565997	3500	-0.3028152	0.015990451	-0.0031383634	-1.1015683e-05	1.5140759	0.016589973	0.702	7.0	43.39504146575928
7	0.03975096	0.14370131	0.75	0.0	2.729885	0.03121288	0.00078558404	0.034307525	0.029688515	4000	-0.29022032	0.014515259	-0.0018934608	-3.5929494e-05	1.4511015	0.003303092	0.094	15.0	49.53130650520325
8	0.034438774	0.13671383	0.75	0.0	2.5510204	0.029538093	0.00093254587	0.033515126	0.027476639	4500	-0.29065827	0.014667197	-0.002360791	-5.6470744e-05	1.4532913	0.0016030205	0.0	15.0	57.17544913291931
9	0.05978261	0.17498536	0.75	0.0	2.701087	0.02857409	0.0017699591	0.03459569	0.025673531	5000	-0.28721648	0.023029229	-0.0056592226	-0.0004096534	1.4360824	0.005667892	0.204	15.0	63.45992040634155
10	0.055243447	0.17861821	0.75	0.0	2.713483	0.043875106	0.003062416	0.05436804	0.038789745	5500	-0.27905282	0.02286369	-0.0018271208	-0.00045604818	1.3952641	0.00033964645	0.006	15.0	69.2695243358612
11	0.041423004	0.15277758	0.75	0.0	2.754386	0.040520553	0.00719856	0.07361323	0.02904914	6000	-0.27307823	0.015780509	-0.0021283925	-0.0006223172	1.3653911	0.0021516162	0.068	15.0	75.05167007446289
12	0.04733728	0.16461602	1.0	0.0	2.9526627	0.02544371	0.018011488	0.09204341	-0.0002508834	6500	-0.27617508	0.023326142	-0.003959924	-0.00047488324	1.3808753	-0.0014960838	0.0	15.0	81.08972907066345
13	0.056924887	0.1676525	0.75	0.0	3.4366198	0.028773846	0.02632326	0.12479034	-0.0023770109	7000	-0.27909335	0.014998451	-0.0068745017	-0.00055313297	1.3954668	0.0066774143	0.026	15.0	86.70582389831543
14	0.06255555	0.18517196	0.8	0.0	3.3266666	0.03437593	0.038547006	0.2520933	-0.015568763	7500	-0.2730512	0.019612942	-0.0070860684	-0.0005443115	1.365256	0.005917416	0.116	15.0	92.45182967185974
15	0.053030305	0.17007533	0.75	0.0	4.123967	0.032398034	0.04083865	0.18882972	-0.019372381	8000	-0.27240506	0.013660233	-0.0059857965	-0.00035562553	1.3620253	0.016529676	0.476	5.0	96.85702443122864
16	0.040229887	0.1494253	0.6666667	0.0	3.4413793	0.036297113	0.03994449	0.19247639	-0.019061826	8500	-0.2867882	0.012811188	-0.009246737	-0.0006543044	1.433941	0.0010856075	0.002	15.0	102.35473966598511
17	0.04238921	0.1503631	0.6666667	0.0	2.8901734	0.03291307	0.02726526	0.15018101	-0.014984742	9000	-0.28846225	0.020244319	-0.010647446	-0.00033127517	1.4423112	0.0077821836	0.206	15.0	108.60977005958557
18	0.048920866	0.16996977	0.8	0.0	3.4820144	0.03108921	0.021473965	0.13828932	0.00036092103	9500	-0.2852238	0.014777942	-0.0070470273	-0.00055548456	1.4261191	0.017810501	0.486	11.0	113.6390929222107
19	0.048203595	0.16227785	0.8	0.0	2.988024	0.030455811	0.029030172	0.15483274	-0.014425337	10000	-0.2916495	0.01566958	-0.014895558	-0.0012775287	1.4582474	0.0013314686	0.082	15.0	119.08613467216492
20	0.08461539	0.21066251	1.0	0.0	3.2051282	0.038180824	0.05064983	0.20994043	-0.050927795	10500	-0.28523216	0.035686888	-0.0020856261	-0.0014583506	1.4261609	0.015544339	0.432	12.0	124.81629586219788
21	0.057055216	0.17559807	0.8	0.0	3.0490797	0.03661372	0.052409545	0.24979833	-0.05523044	11000	-0.28956538	0.016410606	-0.016825646	-0.0009110514	1.4478269	0.004845065	0.204	15.0	130.47124242782593
22	0.07173913	0.19436544	0.8	0.0	3.0745342	0.050069816	0.06356354	0.40002996	-0.06742219	11500	-0.28704473	0.019825563	-0.011643827	-0.00080611557	1.4352236	0.009854321	0.342	15.0	136.77460026741028
23	0.1002907	0.2241008	1.0	0.0	2.9069767	0.046115234	0.07664664	0.36257672	-0.09310803	12000	-0.28835046	0.04586876	-0.014203101	-0.0014287122	1.4417523	0.002874037	0.262	15.0	143.66868495941162
24	0.10562372	0.22204833	0.8	0.0	3.0	0.09179596	0.062249687	0.38655564	-0.003213212	12500	-0.28230152	0.026770381	-0.015877992	-0.0019082744	1.4115076	0.0073144874	0.396	15.0	150.4918978214264
25	0.13494319	0.24885267	0.75	0.0	2.8352273	0.10070004	0.082866445	0.38919207	-0.043733552	13000	-0.2681341	0.03824857	-0.022536725	-0.003419526	1.3406705	0.009449617	0.196	15.0	156.9254322052002
26	0.14999999	0.26782158	1.0	0.0	3.0185184	0.077961065	0.107051186	0.5333337	-0.0890299	13500	-0.26873672	0.0740362	-0.012271434	-0.006104946	1.3436835	0.0038928895	0.178	15.0	163.23311281204224
27	0.15056819	0.25940576	0.75	0.0	2.7556818	0.15968576	0.07196175	0.42025855	0.019436866	14000	-0.25640962	0.037564263	-0.0023060143	-0.007286817	1.2820479	0.017315477	0.506	9.0	169.78091859817505
28	0.17837837	0.2687661	0.75	0.0	2.6972973	0.14521955	0.12590949	0.5473197	-0.08691033	14500	-0.23783089	0.039112482	-0.0075740814	-0.002296608	1.1891544	0.01578339	0.442	10.0	176.07929801940918
29	0.18938391	0.29009742	1.0	0.0	2.572165	0.11452746	0.1601981	0.6841236	-0.1499431	15000	-0.21685463	0.04632814	-0.012346804	-0.003118731	1.0842732	0.01152952	0.328	15.0	182.89926075935364
30	0.187404	0.27426776	0.75	0.0	2.299539	0.18560983	0.16772728	0.734145	-0.10084463	15500	-0.20185174	0.037225902	-0.011918798	-0.0013883412	1.0092586	0.009812669	0.246	15.0	190.17718768119812
31	0.22107844	0.29138806	1.0	0.0	2.9352942	0.109678924	0.19165015	0.79464847	-0.1781111	16000	-0.2113125	0.051942464	-0.012120381	-0.00440472	1.0565624	0.01169005	0.282	15.0	196.16005897521973
32	0.22283952	0.28976536	1.0	0.0	2.3101852	0.2316249	0.15466614	0.8424684	-0.025384776	16500	-0.19647099	0.049646117	-0.012693033	-0.0023954324	0.9823549	0.008655086	0.34	15.0	203.63341641426086
33	0.2031636	0.29107794	1.0	0.0	2.3101852	0.20272845	0.19334744	0.97005415	-0.10756312	17000	-0.20834053	0.0525601	-0.009030461	-0.0017734505	1.0417026	0.00697246	0.27	15.0	210.97707271575928
34	0.21457364	0.29666016	1.0	0.0	2.3255813	0.19428302	0.19010907	0.94090044	-0.12548041	17500	-0.20200507	0.06423074	0.014950499	-0.0022261254	1.0100254	0.03557032	0.6	1.0	218.10631394386292
35	0.22602041	0.288327	1.0	0.0	2.5306122	0.21043049	0.17960058	0.933134	-0.05149965	18000	-0.20870711	0.04704485	0.051085696	-0.0025631674	1.0435354	0.03456189	0.632	1.0	224.79902911186218
36	0.23456791	0.28666463	1.0	0.0	2.6455026	0.18167727	0.16530783	0.7668754	-0.09972692	18500	-0.19064854	0.039008975	-0.011830151	-0.0010724813	0.95324254	0.0031485748	0.05	15.0	231.0738070011139
37	0.29212964	0.3015517	1.0	0.0	2.7333333	0.19627129	0.21294533	1.0343012	-0.16079006	19000	-0.1734906	0.04877172	0.0068089664	-0.0021133162	0.867453	0.017161407	0.474	1.0	235.4349250793457
38	0.24606365	0.29672956	1.0	0.0	2.5125628	0.20800596	0.20410275	0.89341867	-0.11547744	19500	-0.18897578	0.038308874	0.03105767	-0.0019433051	0.944879	0.029433012	0.634	1.0	240.66862559318542
39	0.20853658	0.27701277	0.75	0.0	2.4341464	0.20093167	0.22059266	0.9355324	-0.13311034	20000	-0.18949708	0.023190083	0.011997744	-0.0026275124	0.94748545	0.015898587	0.54	6.0	246.12398195266724
40	0.2521309	0.28516155	1.0	0.0	2.2785387	0.1852175	0.23672155	0.9352289	-0.20345372	20500	-0.17728758	0.041563652	0.034219846	-0.0029684678	0.8864379	0.041573554	0.648	1.0	252.31019639968872
41	0.23006327	0.28569666	0.8	0.0	3.158228	0.2168562	0.18235445	0.9863664	-0.076990575	21000	-0.18261817	0.033213157	0.015631318	-0.0050960947	0.91309077	0.01874432	0.58	2.0	257.6392433643341
42	0.2393539	0.28842577	0.75	0.0	2.198238	0.2174367	0.17650084	0.79585207	-0.09154159	21500	-0.18173891	0.028720776	0.05552593	-0.0029613078	0.9086945	0.026851244	0.6	1.0	264.9035782814026
43	0.199711	0.2807486	1.0	0.0	2.8786128	0.19468372	0.2237973	0.9535841	-0.18318464	22000	-0.1866474	0.055168044	0.01754561	-0.010584179	0.933237	0.04430566	0.504	3.0	270.7120897769928
44	0.30379966	0.30011028	1.0	0.0	2.5751295	0.14804843	0.16794936	0.67809224	-0.10795393	22500	-0.18606049	0.04183316	0.0060427934	-0.013935998	0.9303024	0.013977217	0.394	15.0	276.17331409454346
45	0.22581397	0.2922585	1.0	0.0	2.3209302	0.1683432	0.22734354	0.8763767	-0.17006499	23000	-0.19100049	0.04396898	0.016980082	-0.0027222075	0.9550024	0.03381952	0.468	3.0	283.05272579193115
46	0.22740114	0.28697005	0.75	0.0	2.7853107	0.23583856	0.20584635	0.96858305	-0.089191064	23500	-0.17743978	0.0275439	0.030519992	-0.003462894	0.8871989	0.022232438	0.498	3.0	289.4603748321533
47	0.23395722	0.2962349	1.0	0.0	2.673797	0.190003	0.1921944	0.8806573	-0.09575196	24000	-0.20517729	0.04027431	0.033330187	-0.0009770878	1.0258864	0.025685085	0.468	1.0	296.3987169265747
48	0.20471843	0.27726388	0.75	0.0	2.2831051	0.20631927	0.20137024	0.84827197	-0.12049747	24500	-0.18897843	0.030403519	-0.010508329	-0.0020922143	0.9448923	0.008901909	0.118	15.0	304.0521926879883
49	0.23678678	0.28802964	0.8	0.0	2.2477477	0.17631018	0.21931316	1.0157326	-0.16338256	25000	-0.182019	0.02390776	0.0104736835	-0.0019452926	0.9100951	0.015121448	0.396	15.0	311.76913261413574
50	0.28341794	0.30732504	1.0	0.0	2.5380712	0.20616406	0.25259295	1.1111108	-0.20031914	25500	-0.17911388	0.0759086	0.0055729	-0.007342547	0.89556944	0.01684771	0.386	13.0	318.1734948158264
51	0.27422005	0.2905563	0.75	0.0	2.4334974	0.24311677	0.16686651	0.72821337	-0.0040306225	26000	-0.17467363	0.03032411	0.018474162	-0.0048657525	0.87336814	0.019020362	0.51	5.0	325.06980633735657
52	0.25034186	0.3016855	1.0	0.0	2.5641026	0.21179934	0.22561565	1.0614295	-0.15043122	26500	-0.18354455	0.03145754	0.017826304	-0.0009640418	0.9177227	0.017596573	0.47	1.0	332.016220331192
53	0.27939394	0.30583492	1.0	0.0	2.2727273	0.2505391	0.2591064	0.9948255	-0.13719708	27000	-0.18005641	0.031381916	-0.009279743	-0.0007012803	0.9002822	0.0020611042	0.086	15.0	339.4950408935547
54	0.25068027	0.298721	1.0	0.0	2.5510204	0.1998996	0.23553994	1.0120116	-0.16248856	27500	-0.18757889	0.033270955	-0.012439817	-0.0007048696	0.9378944	0.007388449	0.186	15.0	346.66746044158936
55	0.30030724	0.3061035	1.0	0.0	2.248848	0.24922943	0.22764307	0.9805344	-0.13764134	28000	-0.1750398	0.0448972	-0.013326645	-0.0013361797	0.87519896	0.0024289857	0.106	15.0	354.15842628479004
56	0.30060136	0.30549273	1.0	0.0	2.530928	0.25756457	0.24690352	1.203489	-0.08998401	28500	-0.16901678	0.04335589	-0.003959909	-0.0009781979	0.84508383	0.015267368	0.374	6.0	361.1275293827057
57	0.26401868	0.30056754	1.0	0.0	2.3364487	0.26166108	0.20755914	0.9036197	-0.04631415	29000	-0.17495967	0.039231554	-0.0065774024	-0.0021729767	0.87479824	0.008963404	0.106	15.0	368.89646887779236
58	0.25907668	0.29285714	1.0	0.0	2.3380282	0.2385007	0.23540074	1.1811982	-0.11587369	29500	-0.1749079	0.04863947	-0.011957437	-0.0018734038	0.8745393	0.0022153864	0.074	15.0	376.0564112663269
59	0.2747646	0.299477	0.8	0.0	2.819209	0.21822083	0.22037524	1.03727	-0.11871478	30000	-0.17155229	0.023340598	-0.0037655085	-0.0017291345	0.8577615	0.018223822	0.336	15.0	382.0763213634491
60	0.29652777	0.30861396	1.0	0.0	2.5572917	0.23357004	0.22433156	0.87401825	-0.16431949	30500	-0.17681764	0.047642093	-0.0075179935	-0.0004360564	0.8840882	0.0026823552	0.052	15.0	388.56132555007935
61	0.27117866	0.29939505	1.0	0.0	2.756906	0.22586705	0.21799111	0.94697684	-0.09046825	31000	-0.17769258	0.036363862	-0.009438321	-0.0017370805	0.8884629	0.004609043	0.092	15.0	394.9755229949951
62	0.28705359	0.29590216	1.0	0.0	2.2276785	0.25927532	0.23674622	1.0562736	-0.104296155	31500	-0.162481	0.04364073	0.016472235	-0.0009026155	0.81240493	0.018974828	0.438	14.0	402.43282556533813
63	0.26908603	0.30107108	1.0	0.0	2.6827958	0.22903393	0.19035552	0.8773823	-0.10991666	32000	-0.18016823	0.049327217	-0.0058595985	-0.0032401271	0.90084106	0.00018243706	0.034	15.0	409.4240803718567
64	0.31234568	0.2989425	1.0	0.0	2.3148148	0.29547572	0.22883528	1.055086	-0.040348463	32500	-0.16441156	0.03163156	-0.005390361	-0.0014982093	0.82205766	0.0060027703	0.026	15.0	416.9503378868103
65	0.30175442	0.2995249	1.0	0.0	2.38756	0.2599046	0.25513345	1.17193	-0.19141066	33000	-0.17134903	0.036213037	0.0166516	-0.00074975565	0.8567452	0.009754326	0.522	15.0	423.96212553977966
66	0.32584432	0.30069298	1.0	0.0	2.198238	0.28572613	0.2260072	0.8972269	-0.04783436	33500	-0.15385969	0.04657803	-0.006787434	-0.0033573695	0.7692984	0.007736045	0.084	15.0	431.42614579200745
67	0.3146847	0.30419338	1.0	0.0	2.7027028	0.3233337	0.22526547	1.057428	-0.10370383	34000	-0.15840702	0.049073894	-0.0038757473	-0.0055781715	0.7920353	0.008097831	0.234	15.0	437.80714869499207
68	0.32471824	0.30845937	1.0	0.0	2.410628	0.29353347	0.2276719	0.99758404	-0.03904202	34500	-0.15152925	0.07374728	0.007797569	-0.008028097	0.75764614	0.030963082	0.452	3.0	445.0006489753723
69	0.32402912	0.3090482	1.0	0.0	2.4174757	0.29962316	0.20210043	0.90444183	0.00786002	35000	-0.15995328	0.049910646	0.013520628	-0.0013527907	0.7997663	0.022174168	0.414	2.0	451.93005752563477
70	0.31088436	0.3073698	1.0	0.0	2.5459185	0.2695701	0.22874935	1.0396472	-0.055723257	35500	-0.16906677	0.07385884	-0.0014093816	-0.0030973256	0.84533393	0.008360031	0.3	15.0	458.8370912075043
71	0.3380829	0.30682445	1.0	0.0	2.5854921	0.2909477	0.18365154	0.8347074	-0.067641504	36000	-0.1597535	0.0722283	-0.00019194186	-0.001832284	0.79876745	0.015847065	0.23	11.0	465.460782289505
72	0.29710147	0.30204225	1.0	0.0	2.7173913	0.3446601	0.20974533	0.95138305	0.030196138	36500	-0.15988658	0.04798648	0.0045448393	-0.0042813905	0.79943305	0.029077813	0.336	1.0	471.50984477996826
73	0.32151166	0.31922027	1.0	0.0	2.9011629	0.20314628	0.20751803	0.8520293	-0.17308334	37000	-0.15448919	0.07977146	-0.006840542	-0.006191276	0.772446	0.018028539	0.284	8.0	477.9374339580536
74	0.29722223	0.31379053	1.0	0.0	2.7777777	0.2820193	0.17025639	0.8815336	0.0381667	37500	-0.16362768	0.072087295	0.0014571697	-0.0018465295	0.81813824	0.005067542	0.33	15.0	484.45014333724976
75	0.33869734	0.31333694	1.0	0.0	2.7816093	0.31897837	0.19909802	0.90851253	-0.026101775	38000	-0.16012938	0.07076656	0.012842625	-0.0032548755	0.80064696	0.015592634	0.31	1.0	490.22838258743286
76	0.34483334	0.3072928	1.0	0.0	2.5	0.3173556	0.19924225	0.8853496	-0.125266	38500	-0.14977768	0.06167797	0.00067035854	-0.00064266846	0.74888813	0.024883026	0.362	14.0	497.3951578140259
77	0.3066845	0.3088488	1.0	0.0	2.6684492	0.2621266	0.210378	0.9388245	-0.07172918	39000	-0.17093517	0.055084147	0.040224448	-0.00095524266	0.8546758	0.088764854	0.506	1.0	504.1569838523865
78	0.29624277	0.29327783	1.0	0.0	2.682081	0.3217967	0.2223213	0.9384691	-0.049621172	39500	-0.14573936	0.0337048	0.037999496	-0.0062630866	0.7286967	0.024484174	0.44	1.0	510.63502264022827
79	0.24691668	0.28524393	0.8	0.0	2.495	0.24578275	0.22332025	1.0301284	-0.06329357	40000	-0.15844199	0.03283152	-0.010422483	-0.006667232	0.79220974	0.0180123	0.244	2.0	517.7542188167572
80	0.33359376	0.3188225	1.0	0.0	2.5989583	0.19427398	0.2223445	0.927704	-0.1272568	40500	-0.15040994	0.08210226	0.019553855	-0.0112049505	0.7520497	0.018414684	0.258	14.0	524.2344043254852
81	0.3570352	0.29937246	1.0	0.0	2.5075376	0.27687126	0.19204426	0.9224003	-0.025333695	41000	-0.1311399	0.05725618	0.0007505119	-0.003854286	0.65569955	0.016282609	0.218	13.0	531.0674095153809
82	0.32031968	0.30354637	1.0	0.0	2.2831051	0.30130792	0.21246766	0.95637095	-0.0175348	41500	-0.15224226	0.055603348	0.021561697	-0.001285471	0.76121134	0.027568238	0.386	1.0	538.1742255687714
83	0.27120417	0.3052761	1.0	0.0	2.617801	0.27865487	0.21050662	1.0961274	-0.02684559	42000	-0.17312162	0.04233903	0.03366828	-0.006632384	0.86560804	0.04449104	0.49	1.0	545.0079233646393
84	0.32808474	0.31411213	1.0	0.0	2.756906	0.18960276	0.21645291	0.92198074	-0.19500023	42500	-0.15490533	0.070893265	0.027270913	-0.008983694	0.77452666	0.017714025	0.392	1.0	551.6568744182587
85	0.30173826	0.29454026	0.8	0.0	2.96319	0.28589585	0.2181128	0.9968409	-0.06147749	43000	-0.15228024	0.028399095	0.0040083975	-0.0070631094	0.76140124	0.024536477	0.328	2.0	557.3586721420288
86	0.32373473	0.31363398	1.0	0.0	2.6125655	0.25423145	0.22082658	0.9970477	-0.131516	43500	-0.15965284	0.07887401	0.02580893	-0.0034307986	0.79826427	0.05496503	0.46	1.0	563.9700813293457
87	0.3547739	0.31367642	1.0	0.0	2.4974875	0.28049883	0.21313769	1.0874738	-0.05222667	44000	-0.15089555	0.080133066	0.033210717	-0.004421033	0.75447774	0.0361797	0.484	3.0	570.6972312927246
88	0.33008772	0.3105169	1.0	0.0	2.6210527	0.35526988	0.18187296	0.94661885	-0.045225874	44500	-0.15463467	0.06011113	0.019114837	-0.007222615	0.7731733	0.033143524	0.456	3.0	577.3611993789673
89	0.30319148	0.30986798	1.0	0.0	2.6595745	0.2767629	0.19312984	0.95066714	-0.038630806	45000	-0.16621596	0.07313343	0.04002002	-0.00043153763	0.8310797	0.024422336	0.38	1.0	582.7998292446136
90	0.33834153	0.31740403	1.0	0.0	2.458128	0.30884168	0.22387162	1.2022215	-0.03867711	45500	-0.14612871	0.08120891	0.0041543543	-0.0024892315	0.7306435	0.016367832	0.34	13.0	588.2577018737793
91	0.32928354	0.31639472	1.0	0.0	2.3317757	0.31499684	0.19203323	0.9607572	0.013319388	46000	-0.13790686	0.08137064	-0.00941512	-0.0025697276	0.68953425	0.007498077	0.114	15.0	594.0812559127808
92	0.3662722	0.3210045	1.0	0.0	2.9467456	0.3183321	0.18517244	1.006758	0.034344003	46500	-0.14229448	0.076032296	-0.0022059232	-0.0024278164	0.71147233	0.015599134	0.258	2.0	598.9166932106018
